73
73
846 971 222 1726 5127 5081 2554 2375 21 2755 1485 3643 2455 3895 2723 475 5055 4843 4489 2046 2790 718 689 4473 5152 4727 2767 2246 563 4621 2273 376 2702 3302 3717 1610 3410 911 4704 1909 539 4062 3926 3439 5187 3333 3866 2537 4086 311 4495 2251 5194 1584 3767 3975 1981 455 189 3018 4353 1570 2913 2484 2140 806 3607 3346 4805 4038 4021 3849 4387
2710 3724 1360 4372 5090 2804 2038 2373 2077 4121 2560 175 3574 1744 4711 3462 2929 4192 3430 4417 4630 1019 3474 802 4979 111 2079 2281 1659 759 512 856 4433 2699 3936 1212 4274 627 1160 4844 2088 1267 88 1782 410 1453 1691 1590 2505 4202 5301 5239 3425 1471 2681 4997 3720 4209 2066 2064 2367 4909 3981 1348 3558 321 3277 2221 3929 2785 1616 5063 2740
2233 1871 4292 4706 2695 611 1335 960 1745 2760 4788 1728 3053 1235 2000 1617 1319 1944 1630 2397 3881 967 2291 2679 3232 1262 1296 3713 3020 2707 729 369 1020 295 3536 3822 4206 738 4456 2711 507 92 3436 1555 166 2383 2599 3467 4442 5267 5221 2780 541 5121 4166 4397 2429 1034 3621 4147 5130 5098 2605 2195 791 2005 4073 579 3535 2160 1961 933 3871
1829 5268 2986 3794 2871 3097 3377 1096 1017 4010 5 3782 1665 1254 3164 3185 884 1342 437 1814 3304 523 4533 3970 5184 3153 4747 5329 2644 3544 3778 2891 537 1540 1906 2697 3381 1954 1028 2409 4270 871 4636 657 768 674 2841 520 2381 102 3709 4323 5286 4497 3870 2030 2089 754 385 2544 2026 5196 955 4131 2877 926 2065 2263 3058 4254 2096 4079 5200
1791 1508 4002 559 2506 1402 1198 4946 617 2675 121 4767 620 4560 3361 3739 1776 208 4896 1018 1591 3966 3977 3663 1327 1905 1326 74 1927 2413 3106 4627 2536 3672 4504 4169 1205 4374 5031 126 1597 2421 670 3396 3397 1358 1774 394 1828 1047 332 4756 4562 3523 1310 176 730 1898 4781 2279 1611 5058 391 3426 3488 2059 5015 401 1513 5308 207 3912 3920
4592 1869 3435 2511 3175 1024 2866 2090 3708 3992 1217 753 1907 221 679 1504 356 250 1551 4555 349 3407 1264 3619 4847 1788 2901 1137 4943 3214 1804 4083 784 1847 3740 106 172 1525 2998 965 1892 2839 4574 3265 957 3803 618 490 2165 913 4935 2451 716 1846 5304 608 994 5068 133 1661 1121 4036 2023 4411 4932 53 4708 4582 17 2067 4779 2748 3730
5163 3771 3079 2396 5059 945 2653 1689 2062 4498 1291 99 1014 1211 3493 4512 5233 2649 4429 2224 2516 2936 3271 26 218 3856 4172 3387 3996 2808 3111 3945 1452 3440 2813 2976 547 1446 3014 2712 1449 383 1246 1077 178 4115 1080 2402 917 3340 105 1546 302 5089 1520 3916 1845 3731 3499 25 2063 4544 4284 2473 194 4468 732 3571 4815 2822 3757 5155 2752
5137 1298 2156 3024 3993 656 1989 1290 3063 1602 1072 2829 275 2556 2131 2117 1704 2293 4395 5101 279 2007 3680 1549 2468 544 184 4778 1749 4419 3140 4625 4854 3070 727 2692 4948 4391 2820 4431 2992 4507 2855 3611 1558 4683 2726 1102 1708 2753 3791 4681 3711 3777 4462 124 1013 5168 3990 4823 1684 1224 1255 3901 3464 1305 2260 2772 1008 4176 4484 2725 2438
3529 5232 2338 3786 2147 4918 5281 1839 4455 2843 1993 1380 3131 3690 4944 2531 1729 2300 526 4542 1664 3041 1500 3417 1397 1487 4552 4085 2116 2987 2944 2242 147 2485 1337 906 3307 2555 3215 2682 5289 5005 1351 4763 652 725 1421 4752 860 2141 1183 1355 4253 3801 4328 2954 692 3573 1609 4364 2643 748 1135 2318 2374 3251 1269 1331 288 3944 5227 5095 4325
923 3473 647 485 2386 2186 4561 1534 2203 2146 4246 261 4674 4739 4281 3550 4297 5065 3025 5113 5087 637 594 55 2809 333 2632 2496 1370 2335 1092 4819 2389 3119 421 4382 1943 2582 4719 1468 3530 3906 3118 4501 3932 2831 2126 1428 174 4076 342 3418 1731 1832 993 4182 3789 3128 4338 695 1099 2433 3200 2474 5280 98 3191 3173 830 465 2606 4566 5264
4846 837 3100 4527 1340 3402 4193 3457 1822 1685 4197 845 412 2696 1286 2802 4090 1206 973 5010 1425 4837 2185 4696 5025 4658 1715 5266 2842 1848 1193 2213 3991 4142 3351 1199 4033 2420 1460 3625 420 5272 1366 986 77 1528 2982 2129 4405 5105 518 2530 567 980 2938 3898 2044 2237 4694 2715 1349 1614 3437 5223 769 2542 1344 2623 3321 4879 3148 2204 2110
4434 4870 4796 4987 3103 905 3087 651 1282 1399 2791 2259 4349 1762 2624 4809 4563 2553 731 2424 1809 459 324 4251 72 4822 5083 3631 1767 4037 1878 5023 3860 3102 4900 1394 4825 2362 335 4306 488 272 2232 4893 590 2427 4150 867 440 1899 1497 2792 2207 2663 909 4350 5209 1779 4161 1213 1016 1696 2851 3746 3941 1916 3195 1586 1076 353 4218 5033 266
3758 958 289 3069 2559 2301 4806 4749 4355 165 866 3514 167 3162 1663 135 2191 427 2229 387 4288 4891 1524 4261 157 4795 1439 4283 3588 1872 4039 230 4420 4137 3874 4731 4471 500 2826 3408 3490 5252 3423 954 2659 576 259 1752 3412 4732 2419 2123 1700 3967 3904 1309 1583 2858 4344 431 862 3355 4282 3783 3745 300 4990 3647 3589 3283 418 3186 2262
10 4302 4491 2667 4680 2035 2935 5107 1111 622 2106 3241 2138 4479 5162 3138 49 1375 1328 3047 3687 1580 3857 1407 4187 2869 3677 3254 104 1856 4930 4198 2853 4511 463 2917 4112 3042 171 4309 1805 597 392 3003 1808 2292 2594 3447 1751 4278 2517 2799 5051 4915 4613 252 3370 3832 4418 3837 3285 3980 1180 3808 3532 4064 2099 5188 3979 2071 2797 3183 2915
621 2543 3300 497 4665 3149 2215 4568 467 1162 3606 2850 869 4744 5192 1969 315 832 3888 4543 4034 4070 4736 2932 4656 1730 4373 970 3957 3489 1541 2580 3919 2971 2134 2943 4992 5119 1156 2609 3237 3525 2999 30 4953 4524 7 3415 834 3282 458 1965 2393 3905 397 1938 810 3163 546 3010 3641 1191 4058 2878 415 3455 1363 4262 2054 76 4162 1392 3674
3136 641 3368 4119 4393 5299 1785 3503 2863 4500 8 4301 2347 1116 3248 2091 2261 159 607 2795 2966 2322 1293 3749 4936 2258 4659 1793 1932 5249 3309 1710 2590 5134 4144 248 5072 1850 3502 132 5250 3838 943 5242 2170 1509 344 3337 464 4829 4865 287 3235 4676 109 3748 283 3347 2228 277 4402 3299 2037 472 3666 4691 1084 5206 4895 5257 991 2691 2557
3872 3834 5100 4650 3604 1741 2736 4622 3884 2111 2703 237 3807 1147 3567 117 1624 3301 2010 2210 4614 2414 3078 5066 456 140 1627 4357 2586 1252 650 508 1891 2040 1494 3599 3293 3605 534 2527 1303 1867 294 942 4810 2539 3429 542 2324 793 767 3280 84 1750 1761 1830 3820 4983 1009 4775 1575 1247 5014 897 1486 1817 5139 4838 103 2622 2914 4287 2562
3995 4208 1565 3947 3689 2629 1896 4733 1185 4502 3705 5294 619 1074 1418 3308 451 2102 3289 3084 1250 4089 3581 4647 1660 2108 4047 4510 1124 2796 81 4845 1634 5108 1802 3696 1443 2937 444 1218 3125 2097 2056 878 1816 3460 4053 2475 2257 2437 677 1268 2888 1587 3889 978 4548 1957 2916 5201 2034 1669 3495 3365 1144 3865 3190 530 1768 2812 4333 2946 3075
1840 5076 4864 2927 1596 2538 904 525 4091 3023 1200 2619 5179 2139 2713 3472 1178 1277 5302 2571 3842 3804 2776 2208 5008 3579 1983 786 2162 1238 578 4635 2268 4459 3380 229 3188 2922 2234 3806 589 2255 87 3068 713 141 4536 3825 1285 4127 4639 671 2558 1955 286 1820 4580 3879 3225 1572 3099 2458 1552 320 2025 2683 3480 4758 1720 765 843 4961 1725
66 1064 4862 1545 5054 1356 2615 565 4371 2735 3089 14 47 3262 71 4750 2540 4217 4164 4157 4905 3796 1573 4884 4244 3031 968 2941 3768 1949 28 3166 3238 2022 1883 1784 4672 2076 4818 2743 972 2177 649 1143 100 2737 4873 2945 2093 3933 489 4005 4799 3160 3524 3549 370 1448 3154 2656 1233 1958 2 2660 5041 1502 3826 5274 2369 3065 3344 1739 2765
3943 245 2989 1406 1142 1895 3982 629 3256 4204 779 2928 3572 4116 809 5160 224 1280 566 1599 2491 2199 4250 247 3276 648 1176 2283 1641 345 3582 162 3228 5229 1864 1477 4839 2890 1650 4300 1692 2652 1631 1372 406 3733 2974 1853 3432 4887 1806 696 5045 325 3219 875 56 3247 3949 4025 1695 1258 3790 407 4824 4537 4243 2264 3385 1057 1270 2570 2087
478 1045 4886 233 5049 2730 2057 1588 492 1911 3294 2661 2115 3575 750 2428 1093 4215 3045 1307 2217 4951 2876 2638 363 1836 2086 2502 4342 2942 4776 4774 795 1357 396 5236 1495 169 4256 3369 5228 5245 395 1222 1237 3994 3327 227 2732 1149 609 3609 2417 4268 1086 1834 1186 2405 5195 2277 3179 3737 654 5164 2684 3496 1323 4304 148 378 2492 4095 2457
2449 4890 4619 3885 3212 710 3626 2490 1055 269 1874 4104 1173 4239 91 4994 1201 1333 4454 2970 4235 4827 1507 242 3998 940 2033 2758 1332 564 3812 2880 743 2327 975 5070 3459 4133 1746 2180 2164 225 527 2950 1833 402 1712 1518 1140 4296 2230 4040 1773 2634 2783 5115 1387 5255 4460 3752 3811 1593 447 2722 2267 276 4716 1095 4016 355 4063 45 4857
3174 2319 2763 4624 1196 5110 4499 4867 4128 3249 3583 3168 1535 1890 1567 4277 4240 1857 4441 4117 1506 4394 2798 4363 3240 4496 3257 1985 3561 3072 4642 4487 910 5165 5303 322 4520 1214 3553 889 3541 1862 5318 326 5000 4572 4637 3610 2918 4093 5293 3123 1778 4801 984 2705 1722 2410 39 640 2190 3651 197 3029 3877 4367 3533 1904 1389 9 5147 1544 13
4876 359 824 3809 4100 1998 4591 4467 4225 2008 870 1350 417 2754 876 2407 115 659 274 1284 3911 947 711 4399 249 4175 2768 1457 4914 2773 927 840 299 3698 2988 2698 3815 3827 1978 79 4312 2908 4831 4424 2055 568 3295 4177 4885 2592 5067 5183 4811 2149 1308 3971 1046 2534 828 4840 33 4858 2794 3516 3909 4856 4851 3085 3769 1151 3144 2548 3921
3483 1653 2287 3862 2910 2819 2253 2827 1738 4993 4141 3620 4924 5270 4655 22 4793 1234 4222 1648 2872 1373 1292 4677 1823 2844 1091 658 3836 1241 3288 2688 1600 836 997 1581 4230 1483 2298 3211 3564 899 408 2948 3318 2152 2311 2408 5125 3486 1843 728 915 1345 2432 1367 3371 683 3317 2295 4303 57 4071 3511 185 5170 4289 4812 2640 4663 3557 1888 2984
3244 5056 470 2687 2806 4726 4709 2902 5047 4008 872 4273 95 1021 1794 6 2595 1082 3354 4682 3584 3400 4742 3338 3229 1633 3569 697 4503 4183 888 2604 928 1935 901 5309 1615 4996 4623 2366 2641 1953 4826 1781 4722 1589 4205 2459 4088 1480 1903 1639 1693 484 4557 959 457 5307 1103 3049 4113 142 999 264 3210 1469 4514 3773 4200 1125 952 2154 1687
2143 2512 1118 4326 2082 164 2171 2310 5240 3264 1081 2521 1835 733 1516 1489 1231 4878 2266 5282 375 177 790 4443 3339 2285 2249 3286 854 4790 1223 4388 505 4466 24 5199 3129 2515 3753 1040 3172 350 2575 491 3882 1824 2650 1672 4644 1429 1423 5026 1923 1679 2870 2708 5050 4068 5285 2533 4868 5097 575 3897 4633 2601 3931 2430 3359 2801 2896 4331 1815
4861 2639 502 4 373 496 1249 2450 1622 50 1414 2925 1736 3451 4689 3216 504 2720 2017 1780 4271 4718 4881 5175 1796 5287 4882 893 1153 3587 3133 950 2551 340 3699 4346 2965 60 4855 3362 2674 4931 3802 4060 243 1959 847 240 763 5189 2198 4380 3508 38 3406 3189 432 951 805 2307 3416 3470 2685 995 2564 4457 1539 2642 4337 1515 15 3342 1346
1538 2349 1682 646 1769 4668 251 1422 3845 1374 2400 613 1068 4035 1523 2786 4154 813 2614 3968 1002 1341 2276 3394 2053 493 201 5253 2481 2197 3224 3861 3453 78 4693 3983 2357 479 1975 4577 278 2439 2220 5263 571 4641 2957 1474 4901 1245 1532 3770 3700 3962 829 4963 4061 3048 1440 3930 3250 3964 4529 3000 4252 770 2847 2633 4356 1488 1481 3291 380
2611 2849 1913 1104 1924 2520 2620 2080 4358 2958 1036 3428 4450 3915 3424 4178 1408 267 374 2272 3763 3565 4220 3654 3319 1437 3761 5237 2422 804 1154 4959 1089 757 1470 3997 3638 3764 445 4327 1459 2343 1062 2618 949 3875 2576 1812 3040 4029 1671 4926 760 983 892 4237 1251 2963 4610 3813 3799 2561 4343 3863 1166 1455 4130 3194 1554 2593 1951 1353 3509
1391 161 4368 4939 4515 4666 2370 4977 1479 2921 3349 4463 4437 3445 4554 366 2247 4541 34 2931 4049 2425 4032 5306 3787 168 2074 4782 2302 3267 4519 110 2304 1188 5075 3156 1275 5317 5060 3055 3935 4690 2906 1050 3653 411 1521 3956 4232 894 2072 3007 2219 68 4013 3476 1530 2759 1447 4339 1029 707 581 941 5103 1377 191 2655 3883 2673 562 4617 2245
3222 577 5001 2745 669 2275 4509 2979 1122 3960 3401 4964 4307 5324 2969 414 1742 3577 4180 548 3374 1701 2953 842 749 281 501 1952 173 2320 3684 4359 5006 5226 3576 2294 2344 3477 452 2487 3458 2176 2378 3505 4538 2029 4871 183 3481 4581 82 2721 599 4264 902 726 5116 4452 3754 1771 1167 2523 188 4999 423 1127 4290 1146 1675 4725 633 4547 5300
2498 2865 661 1343 3312 351 4291 4153 1061 2832 3686 4576 4919 706 4184 179 90 4017 2175 3037 494 4026 443 4092 3145 1831 3555 4474 1527 2155 291 2912 1259 916 4004 223 2494 3120 4954 1181 3252 1498 4595 2452 2977 1030 772 2083 1056 3531 977 3675 2811 1638 4185 2983 2098 202 2810 5022 4348 4880 2495 3946 130 2331 1383 1772 1208 4447 1968 112 3886
3805 5042 4410 4019 1643 1411 3774 3538 4628 3086 4158 4238 4760 3201 937 4768 2836 1821 3678 2814 198 219 329 4702 2377 771 4934 1666 1274 4863 3714 1112 3287 127 477 2770 1690 1976 1472 3598 4247 4981 1763 4800 32 1334 3378 2188 2874 3585 3443 2973 3551 746 5057 4481 3081 756 5061 5029 1393 985 1159 2049 1215 4285 3353 5220 944 3586 1900 2489 2648
3203 190 2376 4001 3419 5313 2637 5104 3595 4056 3914 196 1727 2800 1799 1688 3022 675 2214 3356 2404 1620 1988 2665 1723 1533 4626 93 2041 2793 4973 5013 535 3814 4645 4361 3656 3184 700 3902 3646 3132 2893 4404 5198 2981 987 3389 701 1628 4295 4695 2693 2526 3744 1398 668 85 1004 2394 2235 220 4643 70 153 1629 4139 3756 4721 2960 1097 5158 4488
3105 3633 3622 2309 4027 1792 3062 2465 833 3972 2240 939 2882 691 1417 3420 4960 4866 4889 1195 735 4378 1863 1529 1986 1517 722 882 3044 2125 2168 116 2602 935 5265 5161 3766 2610 4786 780 551 4384 4078 4316 3703 3313 293 4426 3414 4099 3095 2163 1603 495 317 3141 5052 3760 1001 2805 1283 2078 3639 1400 1585 1571 3082 3580 439 2919 3715 850 3559
310 471 820 5305 3067 2337 270 4616 932 3375 586 3725 2461 1197 4451 1702 1818 2513 4294 1697 4156 2717 2466 5225 2297 821 4111 2572 5077 4018 403 334 3113 3751 3054 4516 4011 4972 3157 1827 2578 1289 1179 1499 1133 5234 3012 3637 1256 3504 1409 487 1713 1721 898 552 4332 2778 3155 2388 422 3797 4832 690 146 855 2550 4899 755 4715 4670 3702 3130
5273 1948 686 778 5320 4188 400 5244 1662 1875 2095 3057 2666 3335 3220 2401 4834 3500 343 3395 1161 4377 1612 2027 2107 962 319 1172 3726 3798 2271 2328 724 596 3634 514 2069 3384 3258 1321 2895 4902 3512 2947 1106 4293 1325 2788 1478 1757 3274 2762 2124 1510 3177 5235 3399 434 2499 3615 682 1404 2625 2305 181 3784 4848 2325 664 623 2312 318 688
1926 5037 3735 1623 1163 5298 2476 794 4587 1032 1384 774 1271 4407 388 2058 3139 1138 1797 4539 4148 2504 3026 466 2577 1887 5190 4928 4031 1826 5071 67 4852 3671 2317 573 3391 3336 1278 1369 3207 5062 979 4440 462 1230 4920 1413 4379 2431 282 787 1790 2137 598 4743 5256 204 1105 1295 558 1928 3665 2211 1673 441 268 1461 2036 1220 2360 5086 2603
3954 4970 513 404 1464 358 3094 3064 519 4599 3614 841 2546 211 3556 3147 536 4211 4267 4553 736 4406 3315 3864 1967 2923 3900 3270 5269 777 3858 3076 4413 4074 4003 4221 1473 63 990 3775 3367 2392 1914 3785 2202 5218 5012 2784 2308 5079 2321 3444 1444 1709 3341 3546 1858 1579 2782 1789 1090 798 2372 1852 4615 3636 4464 301 2238 1318 751 1635 1490
2051 1301 3846 2114 644 5044 4684 3233 3869 2158 2868 2398 2714 2426 1941 4850 1315 2646 209 2435 680 5180 3934 4787 2364 1960 4248 4952 449 2313 5102 4482 1578 4335 3073 4320 2226 3303 3016 5034 636 880 234 5262 1434 3110 1724 4803 556 5111 5004 454 3170 3393 1707 3242 844 593 3534 3478 4817 569 5144 4110 5129 4590 4126 2265 4771 4044 2861 3824 584
2524 848 964 1410 4821 1514 1338 1441 3019 4075 5193 3281 1182 1006 868 3471 796 5106 604 2004 5261 3482 4962 3693 2731 2951 3704 3027 704 16 3484 4860 4470 4751 1244 235 1012 2045 1031 5148 3721 4255 4740 3854 5166 903 3892 3088 2239 4260 1511 720 665 3707 4422 5210 3507 3093 920 3844 2716 1281 3316 4269 1813 1228 1225 3466 666 306 3143 5212 4054
3986 4654 4310 3969 2330 2448 4305 4549 4797 1381 3793 4409 699 253 1608 4050 1860 5085 3876 1316 602 1022 2282 2355 4720 1807 4688 2048 4160 1930 2250 1770 3985 3454 553 2241 3823 2100 4191 2859 653 3722 138 2930 946 3630 4336 1512 5219 3348 3038 2104 232 851 5094 3632 4605 4196 4765 5251 3259 4938 3719 643 2617 123 3442 303 5156 4170 3593 4995 2529
1276 4057 747 3974 3817 2444 2597 3819 297 4640 5118 4445 2470 4396 2815 4820 51 3324 1683 4311 3180 800 2879 5203 1266 2314 881 1995 453 2284 3263 4912 4168 428 1085 4449 1329 4360 2442 3071 1991 3839 1658 4194 3517 1094 4483 1598 1110 2387 2612 2508 36 4521 4598 5292 4755 816 4941 4012 5046 3520 4685 1066 37 4830 2881 2532 3951 1714 1950 1837 4911
2670 4828 2021 1912 3940 2412 2363 826 788 371 1427 1908 1416 3953 3741 3363 3092 4465 678 4385 3669 1229 309 3973 1361 1936 4216 3526 31 580 2579 614 3404 4065 4478 389 4660 1550 3260 5238 119 4657 3284 4955 2949 4535 5114 1388 3479 3422 3924 5145 2443 1977 685 3597 4917 429 3907 3206 4341 2434 4030 4984 1922 4109 4717 3852 4745 1956 4600 1920 3005
761 3510 2889 152 3701 216 83 3987 3213 1556 1148 4646 2854 4179 1760 1604 595 1893 645 4601 907 1699 5169 4490 3009 2952 5138 4764 4118 3938 2500 203 3152 3736 1352 1674 1123 3617 858 2200 1759 4567 4163 2174 4140 2296 5128 3146 426 1242 4746 4403 1786 4448 3494 1901 1038 1994 852 603 4927 1317 1999 1973 4084 2838 3221 4737 2514 64 4612 2391 4988
1640 4129 4145 308 3600 1132 1152 2157 296 3275 1711 2779 3662 838 2243 3461 5136 5126 3246 5159 3066 638 3209 914 2867 4308 5177 125 3917 4697 5120 1632 3896 3491 4898 3835 2993 2824 900 4998 5205 1915 3855 2169 4937 2399 5149 3655 3330 4894 3988 2103 4345 2346 4149 2120 1100 3051 1542 65 3056 3543 1130 667 323 1718 4892 2995 390 528 4789 4699 1945
1979 717 4673 2771 4662 3218 1475 3358 3738 1576 3011 1248 857 4146 312 3880 1642 4766 4757 4968 3227 3127 442 3328 4028 2837 3694 2436 1548 4916 752 3261 3518 4421 2600 4134 4059 3269 210 448 3649 2630 4631 4526 3001 4122 2002 4710 4792 4097 4435 273 3742 4101 3629 705 4259 615 2144 4014 4234 925 4120 425 3873 3357 2596 2900 1645 3017 1582 739 69
4214 2741 929 3603 3497 3243 2084 1841 3117 1963 3903 4929 4528 2777 3616 561 2244 2706 3475 1756 5080 1560 2664 529 2672 59 2222 3266 1463 262 1734 1011 4366 1015 2864 23 5271 1364 113 961 5150 2567 1493 2345 1766 3948 988 3036 1435 4171 1933 1865 3552 1164 1368 2359 4236 3314 4798 2746 4618 3682 3963 719 1396 231 762 533 4439 1592 1065 2050 3706
2031 4754 1921 969 510 4584 5091 2003 545 517 783 5048 5243 1716 4207 1010 1765 361 2014 3592 687 1288 215 5290 2718 1652 4067 3833 331 4340 3366 2750 2133 416 572 5131 3958 1884 2961 1466 681 4629 4136 1330 474 3398 4412 4477 1703 4203 4958 660 4974 5246 1227 5064 2351 3781 1866 75 2356 2464 226 531 1676 1420 476 5259 4389 4813 5035 918 96
2205 1129 4770 5016 3667 239 1207 3547 2019 3810 797 4087 5216 1070 1855 1438 956 4769 4228 3522 2042 2480 4098 3159 2223 3659 228 2926 673 1155 5069 460 1071 1424 3685 4558 4772 1145 4048 3134 258 540 3562 4485 1894 4199 3223 4224 3645 348 3608 5186 186 58 1170 1880 3231 3591 2671 3772 2382 1753 883 1647 4714 4849 2340 2825 3942 1882 5211 2990 3433
2997 1232 3890 327 521 2709 1842 2113 4700 2742 1113 3137 1419 316 1 1719 4398 1667 1253 921 4570 4024 2507 4564 585 1501 131 2403 1107 5254 1877 3554 271 5020 2645 5314 4986 1980 737 2833 158 1698 2724 213 120 3506 3198 3891 4835 4523 3818 2789 4390 5260 4773 4069 4712 4151 5007 2119 919 3978 4686 3434 3657 3691 1618 2159 5185 480 3150 803 5283
1783 2781 2535 5011 2662 1430 4738 362 2967 835 3542 1221 4780 4922 1970 2073 2823 1917 94 1974 2350 2689 912 3650 3245 1403 1039 4976 3441 3306 1174 4066 3296 4227 1844 2994 4675 4532 5009 4107 5018 3661 4883 1940 625 2828 236 879 4540 5247 144 46 482 4648 3910 4108 815 2658 4573 4667 2385 4802 948 3142 3176 3035 1157 3843 4723 5171 2525 170 3379
1838 1175 5204 5277 5213 2453 2761 4753 4505 1613 4606 382 4314 4480 3759 2462 1889 2256 498 5073 80 1098 4279 712 1240 5276 4375 634 4904 352 5176 3182 1496 3112 265 2173 694 5202 292 346 4022 1128 280 3652 256 2020 2980 4249 506 2254 4362 4324 1559 626 4550 1881 2216 4906 3352 745 4257 2626 996 4925 5258 2411 1810 4400 4609 5248 5323 107 2897
3570 2552 708 3331 2227 3668 3268 4692 1263 2161 2299 2286 2940 2573 1005 2503 1042 4102 29 122 4077 3181 206 3109 3540 2968 631 4125 5278 97 4229 891 2326 3765 5122 304 4777 2009 4042 1336 4872 2092 1412 3382 3034 5109 4416 2122 244 4608 744 3640 3750 4551 3197 2184 1946 1902 2390 2818 2775 1886 5181 1656 330 3716 4352 5173 1934 4152 3566 2894 3124
693 2608 4703 3747 1561 4653 4638 19 1000 1562 4000 2848 3350 5084 4318 4534 4525 3021 4231 1117 3521 4408 4761 2690 379 2016 1937 4602 4734 314 2856 3061 3780 2934 714 3364 1787 4949 1126 4907 1654 405 1306 3413 582 4105 1376 3952 2167 163 4376 4082 3628 2657 4947 3939 3421 2892 1053 1314 338 2179 143 4842 684 1870 3310 5191 2607 630 2588 2415 5002
1204 307 2315 5024 5217 877 3158 4583 3578 2248 1049 3893 4556 3151 4957 1605 1758 4730 1168 4910 2440 1451 808 574 3192 2101 5117 2959 4432 515 3135 3795 2978 3383 2636 3469 3828 4055 1101 1226 151 2128 5099 1755 4045 3961 3950 1649 895 399 5074 4945 187 1929 4808 2145 2231 5315 1859 2887 555 4354 1984 922 1636 799 4989 740 511 4072 3664 3635 4245
2964 4135 48 4728 2852 801 339 4759 2384 1311 4597 4446 1577 2654 3913 3624 3205 1299 4589 4836 1849 5132 2497 5172 3101 766 1079 3121 3386 2756 2070 409 205 632 384 1939 2956 1764 2278 3343 3984 1297 4233 592 3278 5096 2339 2288 2150 5043 3253 4322 3452 591 5224 1265 3560 3098 3642 885 5326 1491 4020 4545 3008 1190 1279 698 2686 4877 3548 3545 2181
863 4486 3273 2493 992 1732 3161 1553 3239 1189 3590 2840 1273 5215 3695 1075 1537 1294 896 3096 5182 200 1063 1897 1087 2172 1426 3800 2510 2358 1482 2749 3537 3644 4966 1025 2075 4023 3052 4241 3788 2270 2423 2365 1811 2332 3234 4611 4897 4386 976 4724 2738 2757 963 782 393 4841 3899 814 4415 4330 4186 1432 4921 3083 4329 2196 3090 1595 1136 238 2006
2482 3673 214 3320 859 4046 4081 4950 3373 5291 2001 588 2739 1041 4741 4272 2379 1962 3513 2668 4401 5032 2701 4423 509 3305 2835 2380 5038 1733 3859 3989 3602 337 5133 4531 1382 1680 3658 4661 3438 2903 5241 2621 2194 1657 662 2905 3178 1557 2585 811 5319 1385 4971 2574 2142 4226 2899 2920 1686 1359 4569 2342 481 101 3683 1467 1401 3623 2329 1060 554
4969 4687 1405 368 1607 1390 908 635 1574 1119 1705 5093 4940 4165 3867 2985 4094 3059 3732 192 3345 1694 2528 18 1655 886 4607 3627 2068 3290 4701 1484 721 1236 3080 1354 2052 5231 1445 1037 145 436 3755 931 2192 3230 4321 155 3660 1717 3122 3868 61 1644 3710 1433 4575 2336 5088 4604 1194 2747 3298 2830 4874 2678 4664 4596 156 4875 2744 3728 4370
347 4009 1371 483 2598 3648 2269 2012 4493 890 4132 2135 2875 4671 3043 3033 35 742 3 4242 785 2821 11 2727 4985 4190 4735 4729 5019 2733 5295 3108 4280 2094 4506 154 1743 4298 601 4043 3165 2182 2047 2193 1861 5142 5140 5214 2353 2463 5123 4518 4123 5003 1803 3743 2460 2303 2323 3325 624 1879 1450 193 2127 180 2616 1646 2348 3878 3894 118 3392
1625 2306 4427 4649 2501 4143 3776 2568 2236 3487 2112 522 974 605 966 2541 4942 5027 1925 1313 1209 2441 1854 3850 4903 1203 2416 1748 4124 2898 2447 3217 4513 1594 3372 5151 5325 89 4041 3670 2148 819 1158 4593 4173 4833 1677 702 1339 709 4620 3612 4565 764 532 5321 284 1563 3712 4159 1051 2904 1621 4275 1681 557 341 5030 419 1026 1114 4006 2472
486 560 5157 570 1947 3323 2395 639 4015 3169 2280 4678 818 136 4669 583 381 3928 3527 2729 3563 538 655 4453 5208 1747 3006 4155 3498 1088 2883 792 139 285 4430 2834 1059 357 469 1987 2728 1800 2816 5082 3692 3322 3448 2751 807 5124 1543 3334 2371 3167 4978 1996 2352 1526 2769 3390 499 4167 2680 5284 1706 5174 503 4816 2587 549 3126 4213 998
2700 3427 2857 5230 3528 1503 1737 4428 663 4051 4585 1378 3431 3922 4579 3955 3449 1971 3729 2669 3999 1379 4679 1462 2581 2991 3853 2334 1536 4286 1312 2151 1150 4351 263 2939 1651 3831 2972 20 1568 1257 1678 3360 2884 3013 3376 3594 1272 4181 3187 5036 2584 2477 2132 3840 5327 4317 3596 1219 4319 1868 543 3388 642 246 4106 3918 1139 4965 1210 2015 2807
4982 1601 4530 5328 1456 2569 5146 1825 1048 981 4586 3830 149 2418 3446 2136 4804 1023 1465 3841 195 2719 1668 255 4315 5311 1606 3279 5279 3272 4908 4923 1876 1320 3723 4956 3050 1302 1619 2488 4546 2153 4632 2187 4494 2212 3329 1637 3681 4444 2467 1547 1078 3107 1458 4492 934 1492 4425 1187 12 1115 3030 3171 616 27 160 4201 874 1260 2509 3028 3015
4103 2975 2206 4594 52 4219 3091 5288 1754 2218 3676 5092 1067 1054 776 4299 2933 612 1918 4784 1184 989 4189 734 3727 3403 3468 3311 1919 4807 1304 1476 354 1982 2631 1362 853 4791 5021 3115 2013 364 86 4381 4634 182 982 823 2121 1134 5141 3456 386 2803 360 5039 1108 5112 4212 3848 4313 3411 953 438 1798 1043 328 313 5053 3779 3762 3908 4223
2549 4080 2060 2873 3927 2105 2118 5017 1964 1910 4461 5275 2341 2486 773 3255 587 3465 1992 3104 43 1873 2565 822 4705 1261 4559 2589 1569 1442 2563 5153 1177 825 4748 4913 1819 930 5316 2862 5197 1519 241 5322 5312 1192 1300 5222 550 1795 4096 3734 1216 1027 2178 3002 1415 2907 3114 3208 2677 4814 3718 4853 3060 3405 2996 3202 433 4263 2454 2252 1972
817 54 4347 2316 2911 254 5028 40 3568 1052 5207 2846 4007 672 2909 137 516 1775 1007 3618 1171 257 4469 2613 1033 3199 3409 4266 2469 435 924 4783 4651 4383 1564 336 128 2445 2519 1454 1735 4869 44 2627 1073 2704 2478 1120 1324 4713 5040 4991 3196 849 5143 2479 1740 2081 2860 2018 1287 3485 3326 1801 3847 839 3925 424 446 2028 199 4652 4436
450 2924 2734 628 2130 367 1431 4698 2483 3332 4195 5296 4707 2446 715 1997 1531 2545 430 3965 1966 1851 606 3032 1058 5135 2566 5297 1347 461 864 3601 4517 703 2456 3226 2406 3613 108 524 2647 3679 4138 4392 3046 781 861 4458 2189 290 1239 2225 2032 741 1942 2651 3821 3792 2583 2011 2635 377 114 2764 938 4276 217 3077 758 3519 1165 2886 827
1990 3515 4265 5310 1777 2591 3204 3450 3292 3039 1365 1035 2676 1626 4859 3887 3074 2766 936 831 4794 1670 4603 4980 4174 1522 4785 2039 134 305 473 4365 3501 2061 5178 3193 1566 2845 2787 4578 865 4508 2109 2694 2885 1395 4414 41 676 3116 150 1386 2274 4476 3851 610 2354 62 1131 1243 4522 2817 129 3976 1505 3688 3236 2201 2024 413 2471 1069 1885
1436 4975 2209 1109 5154 873 4888 1083 3959 2962 775 4210 2183 887 2368 1169 723 4933 4114 5167 2289 3937 3697 4052 1202 4762 398 2774 212 2628 812 5078 4334 600 3816 3463 4369 3829 4438 2085 2333 2518 4571 1044 3297 1322 2547 2290 4967 2043 4475 789 372 42 2955 365 1003 4472 3923 2522 73 260 1141 4258 2166 3492 2361 298 3004 3539 4588 1931 468