136
136
17656 16994 9927 14840 6293 12223 4445 274 14063 6164 4380 16198 7376 5695 7432 13399 2403 9550 9447 3692 5721 10810 6785 14059 4821 4201 7459 13679 17046 8269 6895 11650 8562 17393 3231 18429 16967 8724 6185 18011 5584 8545 9632 8016 15484 16081 17909 2001 3512 15799 15287 1879 5171 6624 13616 10636 16521 16185 2127 16177 16492 2114 3218 593 5859 6710 3803 5941 14365 12281 15205 11210 960 7741 8457 1284 13175 6655 14220 5364 12623 8202 7781 16715 16424 10277 15103 5362 15312 10343 9002 2528 13866 3517 11203 13315 7189 17788 4885 5369 3026 150 15160 15715 9409 16036 9290 3166 3451 3857 18392 9672 3601 1454 212 16125 3168 13561 2214 10794 14088 1579 16039 7154 3525 4076 3642 17915 17098 12992 9257 14170 12374 14690 3051 14423
14965 7318 3395 4195 10574 5616 2544 14680 2419 11366 11694 16119 1523 8154 15232 8234 13216 612 3484 18021 7824 18093 14562 1581 9221 14979 11293 9400 15293 6819 9870 3926 7832 2829 16655 7533 5292 11392 2747 10463 18348 14817 3425 13831 7905 9769 4829 5318 1229 4270 3970 13562 12468 5211 5410 15840 16635 921 8530 3653 5038 4196 3045 7626 2359 9197 11469 910 11666 11205 3792 474 16124 10903 9398 2259 9321 2203 5942 6006 6137 11649 14200 4069 3363 16721 1215 15893 16489 464 1074 16649 2990 9077 3842 4824 8787 7770 4237 7344 13095 13382 11492 14682 1223 7696 7699 9319 1762 16035 2552 8000 15185 4693 1288 1970 4231 18354 15905 6797 2174 8536 16641 7791 10630 7880 17243 7734 11930 7776 5513 8888 6513 4808 8257 1338
8890 16541 16094 1941 15409 13179 14332 8689 13001 16427 6274 2484 13369 6987 6177 17781 4348 169 3077 8081 1358 298 5688 12810 95 17256 11187 15114 3924 15031 8782 495 1903 18026 1795 2550 11033 10709 17262 9858 2766 18050 14784 472 12884 15648 7257 8716 6552 16557 8345 16969 15897 10587 12343 5970 2131 10288 3123 4513 13281 13717 9942 11196 17696 7036 1643 8497 9511 15 8410 3592 13168 3340 3043 14563 5057 5464 13855 13366 13432 2234 15068 10579 7038 9877 2781 12466 10592 4534 4047 16023 12860 8612 13902 15448 16656 10394 16457 299 2048 13102 5913 6411 5157 4049 12334 6807 4059 7491 14831 12275 10233 5776 1013 11599 7687 12846 13526 10152 5697 4256 10185 2856 17496 17832 3981 1635 9150 7796 9949 15076 2075 5216 6980 10808
8195 6079 2243 17229 1372 10066 1923 4123 10523 17798 18114 16413 11627 16159 17211 10531 717 4748 17067 15880 3091 14227 2437 1815 9527 2190 8134 4977 3513 12301 14460 7849 9090 6542 18244 9445 14319 18032 9787 2200 4769 10375 3666 13246 2957 9789 2543 15204 14638 12559 11346 9105 15258 14549 9203 11009 12857 9187 13948 1437 7643 2987 9175 10009 16870 10893 1646 12383 6912 16935 6439 4349 11708 6915 14424 5725 7960 16110 13839 8448 11773 2202 894 8265 14440 2628 7393 9088 10793 13489 5694 5805 16428 4234 17487 3458 10751 17812 8582 2998 3130 8777 3417 5800 9833 16249 11750 9359 17648 5808 3989 16321 14298 9583 3634 4303 11915 6008 13322 15295 5643 8040 14557 4940 1469 5980 12764 18029 6436 7504 6717 5120 3468 1653 15858 3284
16 15178 4967 2936 2231 100 527 1367 2767 17959 10715 5370 2800 8997 15784 12598 4950 8925 10488 2755 4377 13448 7202 11690 18360 12694 13623 9945 1498 17412 14777 17000 11871 399 3950 4236 9383 4702 11066 7885 15340 18055 6474 14925 14559 1041 4765 8862 2163 14177 2662 296 3972 5455 13308 17139 15949 17714 3060 6886 11948 2206 1086 6287 9758 9326 7394 17646 6808 10612 13247 7110 4745 16640 11360 10482 10951 14894 6325 18471 13295 681 669 1051 10162 17031 1395 3075 6611 4088 14213 3759 6702 15728 13045 8384 6682 13566 7813 9694 11446 16689 6243 11078 8617 15027 3930 10045 17716 10467 5366 8118 926 9915 14464 4701 9422 17961 9685 4644 11238 3632 13775 3794 10923 5804 9259 1067 4891 742 357 9705 18231 17777 1183 12542
14076 6383 757 7620 12325 13410 5773 6027 8159 8397 13292 10905 3706 5384 11616 5023 14615 3788 14449 13373 1087 8913 18286 14677 4673 14833 17898 8299 14941 9185 5259 2680 8277 14326 14290 18220 13620 16220 7182 14032 12109 15465 5814 15631 3014 11571 846 13069 5391 18423 18023 8178 2277 8121 12762 2716 9343 14209 287 10759 8557 8079 11899 12833 15536 10131 13235 1290 5578 5821 12501 7161 6048 15055 10474 1139 16950 5757 2084 6878 8206 3259 14966 2227 9992 14973 4624 17453 18196 6809 1576 17573 11155 13725 13140 4072 13756 16479 5003 598 1679 1743 2332 7193 6973 8115 9778 4413 11174 17158 3578 7429 11025 11515 13797 16913 17912 13510 13636 3774 808 13258 11270 17192 9464 8062 13061 1685 5536 8820 1621 18270 11732 9714 3373 11552
423 8346 14418 10400 15042 5027 8308 3071 7421 14060 16058 4704 3440 8366 10712 7638 13603 907 1552 17300 11379 10843 15873 13009 10365 8946 9763 4105 5200 1278 15223 15037 8211 13115 2464 7342 302 13022 5073 6453 15908 1495 17207 18447 16989 14295 11499 12966 13103 12534 17126 14590 871 17929 14872 1768 7174 7932 7060 15964 14308 14236 13468 2603 7040 13496 940 9057 18298 13663 16162 3302 6587 7986 2255 12611 11236 12047 17217 5940 10447 3576 402 255 1121 15005 2279 5398 17634 2756 7476 15394 13268 1050 14389 7803 14339 11139 6151 8652 11873 9479 15511 11533 15002 16367 2152 3455 2520 9399 4081 1759 987 13291 12767 5732 6256 7057 10477 8816 15254 10344 1934 7534 9281 11686 18153 15202 1996 14550 2389 7385 9442 3709 3821 12028
2664 3837 3881 10412 6754 2819 16469 2353 12648 1995 2594 8515 16009 3914 11984 11184 156 14943 5473 18287 12442 6597 3620 2741 10607 956 16458 18054 13457 5541 1714 13981 18440 13430 8535 14323 573 15203 656 11297 12299 5989 5434 10414 13206 5423 12743 6108 15239 9985 6467 12316 9613 15974 16753 11389 5957 7604 16436 2837 11437 6527 12145 17500 10814 3088 5846 10938 17735 2777 5820 12399 14946 12140 4010 628 8943 2194 4833 3897 15383 6833 7948 14793 3092 16261 15221 3865 1880 5442 3276 8252 12572 11485 15379 11990 1943 17927 391 15927 2554 259 2565 7787 10165 2925 16007 11678 16016 17271 16780 13617 1448 10660 5240 2726 9689 14672 15130 7456 12692 4842 1852 13342 9508 12340 2471 3505 10726 10175 17768 12146 14058 1666 3195 2817
4400 15138 10457 1961 6194 6498 7090 11179 14257 14685 7469 9325 5295 13167 14877 11137 2792 9376 3025 10318 18290 13394 542 11325 10913 7607 13942 1034 4190 7025 15361 1777 15517 7070 8039 10017 13492 15209 10476 7369 17804 6261 5840 4251 4999 8932 17319 14667 1299 15196 17555 18137 16127 16173 15822 16154 11338 15168 15814 2692 16758 1039 4840 16561 12031 10300 49 15978 11261 11901 1488 12960 4716 14163 4710 4308 4394 18004 12628 14005 17232 10702 13766 16105 15275 16299 2331 4029 16497 16515 5130 5480 18308 646 5036 9736 17881 12679 6249 9202 6848 10969 11597 1874 16155 14693 15659 2815 16412 11982 1046 4663 8197 5162 14162 7075 16757 14697 10661 9149 4691 2765 6535 8167 15123 16212 4429 7310 17988 13341 16103 16952 14072 11554 4766 13628
16690 12344 17916 9587 3515 14814 18222 15846 2749 17747 10693 5523 14120 193 14100 4559 4174 18267 12888 5527 8008 14605 3074 33 11153 7976 15548 3387 9863 10238 14470 9287 4556 10418 4441 12651 5911 8365 5212 9363 11809 17251 14954 4181 4936 16648 12578 3735 12159 5116 16894 10754 1297 13567 9969 12947 17053 17671 7759 5525 1450 3211 16580 2801 3192 13120 18157 12320 10096 2892 17842 5039 10537 4358 7167 11170 10755 16750 16204 14379 14240 10918 10464 14918 17995 8754 14745 8512 2116 428 6074 8151 12129 4371 4607 3162 13404 7225 14604 6035 6126 11855 17694 7093 9328 2265 18217 4638 4211 3544 14521 3469 18109 14760 816 5357 7965 5734 16744 3608 15309 6260 10215 7850 2813 10255 585 10429 2311 14578 11427 5777 5949 14051 2111 1806
4703 7872 14139 13711 7097 12137 9977 16276 6360 5823 15932 12384 11194 8219 8425 1562 10982 8624 13224 17018 12942 3697 6021 579 9538 9800 13176 6066 160 8367 14421 9209 12280 2621 17420 12865 16135 9938 13171 6489 9726 6938 13486 13988 4835 2960 10160 7330 6394 14859 17883 4722 10087 15638 10617 9509 9027 20 12141 12896 15843 1196 568 10776 12671 4942 9548 8186 12755 5231 8004 14483 11969 9454 3018 4262 11375 5585 18428 16672 12339 551 17276 363 2059 769 4731 8402 227 3254 12283 5260 12545 10227 4632 8171 5312 3459 6415 12038 7962 13454 7973 10193 17745 1609 11023 6311 15714 17613 10884 12848 14117 7650 13677 132 16304 9790 4172 2768 7153 15061 9543 16522 6734 10820 7952 7383 12303 5368 14705 257 15721 453 11566 16987
12828 12799 14291 18461 2786 13066 12537 11318 8491 1630 16934 6037 12498 8326 13117 2440 3618 6561 13803 7788 7166 8522 4563 14863 15335 2290 16871 7644 4335 1417 12735 12288 2472 1467 2845 16480 17299 60 92 11996 13614 755 10166 9360 8310 5920 4697 6821 10535 4381 9476 15656 6128 13306 1463 14231 13146 6457 8248 6733 16885 2324 2065 3404 11257 11612 7775 17490 10207 5274 6764 18168 13136 443 15327 8235 11937 16441 8734 10077 16180 7563 6969 8145 12618 2633 1248 1593 13958 8873 16042 3682 12232 9615 9607 10021 7720 1641 17326 14654 15193 1285 6466 4295 15688 13429 1062 2803 17191 583 17705 1282 15860 18095 17012 5597 10208 3629 3564 16454 6231 818 16359 13456 3447 8828 2866 10335 14770 17128 9554 12214 786 17884 14927 2188
2661 2934 2675 2149 14433 5554 1408 10435 11712 6111 10125 5000 10564 11227 5178 414 5081 10376 9344 16682 1222 8700 15236 10851 7361 14205 6105 5877 9472 2053 3730 4307 13076 18325 4850 9108 11747 12632 617 5276 16232 4119 6997 6206 12026 114 12337 6930 2096 1836 5939 13959 16184 16630 13166 9231 11468 161 6790 18327 7180 10894 9396 16342 16298 8858 10198 11775 8874 17905 14804 18481 12215 2820 18117 447 12599 9236 14769 5828 17043 9931 11667 6131 16670 6272 2339 3942 9311 8620 5741 3008 11813 2220 10368 10240 11107 8488 2564 2346 6777 3485 17424 11099 3669 37 803 4851 6860 8275 8481 17182 11172 5742 4084 18273 14481 5494 14643 16536 15020 5629 1572 7414 16826 4247 17987 8737 9050 532 3988 13374 7150 7006 1277 8526
2297 3315 16134 3219 4975 16948 17221 13530 13267 8860 236 6365 2173 5713 6061 2241 11835 5498 8207 13618 2477 5471 6897 1787 14351 12134 9007 4392 15993 8394 3910 6464 14845 16462 17505 12729 10504 1558 1524 4466 13564 3325 2885 6965 5512 16113 1956 14570 9036 699 8808 15756 13986 14033 13325 3212 8276 18279 8979 5353 16886 11330 12153 12820 1133 14237 16548 6416 8760 8071 10877 13705 14794 8916 3429 2624 2410 1507 3527 17285 4592 7508 2572 9198 5770 4971 1359 17149 2042 4812 16739 10895 17055 10309 8713 4562 17736 3719 6545 4549 11052 8407 9342 11045 17491 891 12022 714 7865 272 2666 3140 4139 11020 1190 1999 7937 8250 7727 14929 13640 14596 1986 4120 10699 4220 12354 16547 4310 2814 14415 14199 16814 18297 6332 6090
8678 10347 9654 291 13118 3742 14865 13218 4368 13390 16507 9541 8930 5839 11489 12197 16897 13911 14885 18015 3160 11127 16906 4406 15956 15386 17413 14489 1073 15302 433 8970 5243 11799 415 14581 10260 17392 14508 14917 508 15972 12657 5708 4801 10957 6227 6703 6215 3246 8766 12549 2413 17354 4407 10778 8985 16459 1618 10382 7702 6226 18366 13362 17972 16285 18379 5931 15801 18493 1964 15930 14315 2475 18274 13323 9098 14964 13104 10785 5390 13969 15709 13338 7472 11103 13314 14567 5433 722 14942 3204 17210 13203 3736 13316 9410 10118 11960 16171 11644 8540 9275 5574 13537 8839 16725 6575 8386 16673 389 17707 5878 341 16472 11162 10203 12448 5600 765 3804 15921 14300 9625 5761 4159 2093 12802 14448 8572 13425 16685 12131 2208 15073 10546
13386 14478 4527 7192 6524 14457 17599 2872 15446 15476 15987 10762 11917 11425 15612 3386 8494 5765 13395 3251 12893 9859 9497 12067 1029 11905 6170 9753 6839 14214 11657 17724 14000 7881 6352 15920 1776 4661 16732 11026 4752 4494 9134 10942 7564 5672 4379 1530 14306 4956 7924 1468 15498 127 11913 13882 5287 11911 16498 10061 17060 2022 4878 12411 17699 16051 3958 11596 10933 826 16438 8256 6742 10530 10486 10826 6314 17507 2356 1737 15170 17859 17308 12084 7913 16846 13519 6345 3264 7094 14322 8991 1732 10806 9576 11321 17683 10787 9274 8875 2843 7977 17075 3308 17529 1658 3240 16053 5347 7545 15555 10235 2618 3782 2225 13568 13085 5395 12709 5069 2917 6913 17112 16478 13552 3760 12725 14695 11717 17778 17872 3318 2869 16145 9143 5187
2191 6967 6664 13413 12790 12266 2775 17281 21 18140 904 3342 15870 9799 4479 8634 4398 14378 5078 14801 14535 17658 5056 4229 265 15515 12789 11556 2579 13713 16577 13937 992 4356 5052 17824 8837 11524 3895 9312 17070 15180 17924 15118 319 4588 2525 5277 10261 1846 11870 4386 2164 11906 17784 17606 15199 4872 12606 3462 15545 5414 14947 9553 13606 17408 342 170 12406 1345 713 18085 13436 13062 12638 12378 8719 14149 2770 7747 16088 17608 11704 569 10837 2604 10327 11935 8033 9176 5489 8978 14342 9512 12485 4321 4334 3418 5811 13570 14467 3482 12771 7261 1482 10621 11279 1984 9908 12173 14016 12552 4796 2531 11214 9362 1697 18387 11260 8208 11431 10291 14324 12187 9140 7088 11900 12464 15277 6078 15534 1060 2337 8210 16165 4018
10634 7888 11113 11095 577 8931 12388 16061 8109 17667 6117 3772 6374 6950 13764 4583 2159 9243 9483 6873 10929 16246 7579 8651 17173 8173 5360 15552 1752 3407 2154 7723 11340 15267 11281 16234 15377 10053 4981 1858 12155 1749 12007 16610 15492 8774 18086 7309 7440 4405 15014 14299 14134 12456 5282 2650 7181 11233 17047 8815 12687 3753 5258 488 5192 17096 12480 15514 516 16403 8580 8587 8459 10206 9296 11639 14331 7890 5166 9856 7368 17141 18434 11195 1181 310 9372 15479 9470 14986 8259 10561 15819 11786 14156 7132 11383 7481 17020 4952 2868 9890 16724 16819 18317 12558 17958 264 4457 8046 2865 15869 16993 9957 6528 3664 15179 11916 3766 3309 15184 14090 15941 6276 5553 16143 12062 7711 11585 2783 13534 9297 7462 2003 10282 17893
7327 17828 14897 1114 7903 15879 684 10832 17659 2452 13266 8795 1803 1650 17006 772 16409 17414 13774 7869 11567 3145 3283 1545 11104 704 1280 3569 4572 15726 8616 8706 5060 1778 1070 13723 10670 3003 17712 384 15743 7059 12482 17740 12250 14151 7974 18490 4086 16741 6574 511 5033 16795 17152 16189 4173 3046 13727 3856 7419 1009 3244 5962 15433 10524 5801 15706 5066 18374 10676 7441 14333 4053 4114 9126 10850 15468 7915 8718 4155 18138 3199 3625 71 8621 10014 2251 10994 17841 895 4444 1592 11584 15381 6238 8496 1411 16677 8609 11250 3802 12977 17236 12724 10001 8851 4003 6340 18249 7241 6892 17280 12713 4687 9743 14755 9139 1033 4502 12312 4581 6641 2463 5890 7851 3716 13290 13157 1947 6898 17820 372 10812 1348 5951
1026 4433 13698 2119 16324 5123 14676 1522 12562 536 13283 13652 8314 902 4530 13834 6012 1110 5609 3040 13906 17895 14538 7860 16609 14145 7501 6847 14790 1264 9917 14070 3374 5789 17596 8027 4248 9091 14256 3832 3241 2707 11181 4430 11269 14821 13135 9265 12432 9757 13293 10502 16317 5608 5186 13054 7382 17717 137 8834 8909 13861 13252 14756 16794 11823 16240 17265 839 6604 16618 16425 16279 7930 12613 12779 938 2185 7107 18006 9173 15610 11442 468 5126 12508 17268 9621 1531 2702 1622 11353 14734 7084 10264 7808 11595 3357 7044 6228 4535 7487 13836 8922 17399 621 3560 13599 11424 16858 14304 8374 16544 7892 1438 10967 16622 12061 14796 2327 7985 11939 7320 4103 11815 8910 2641 2299 15899 10437 9980 14451 14368 6935 9646 7042
13164 1753 661 14249 14275 15351 3968 12768 810 5180 463 13434 17257 8868 7163 15745 4122 12203 7014 15806 9995 5825 10603 211 3739 7710 10466 11002 12160 13706 10556 1346 8695 6783 2077 16937 14569 5348 6712 1131 2882 15961 2150 9378 7407 7324 14843 1017 14328 13482 7904 13826 8322 7543 5637 16090 6798 15646 10401 17945 4963 17592 12019 2047 1496 14192 811 2196 16291 9092 17477 10135 11331 9965 6871 15734 18419 6216 16776 13310 1102 590 3674 14949 12814 10955 10999 17889 9701 17079 10171 563 13108 8335 11623 9159 10940 6343 13031 13741 5264 8863 2774 2940 3419 7061 14789 8897 5219 7249 3556 8377 1712 7034 16604 4622 11736 7173 17322 13647 7916 3886 11578 5914 10935 1105 13277 3388 214 3941 14891 3333 12240 6731 8473 14105
2965 1664 3987 4723 4210 9684 1427 1819 1021 1925 15544 4653 10619 13946 13809 16791 11208 10649 8065 1451 8198 14936 15541 1317 17706 16734 12610 149 10988 1355 6446 2584 16121 5728 15632 17095 18339 4570 4641 2689 3377 8641 8449 10976 388 7412 1534 4189 5082 1741 15935 5338 15169 239 7706 10677 9244 2626 12075 5515 17580 17137 3577 9649 1839 4944 11472 14660 1627 7555 10509 8073 5683 1384 5891 12027 7883 16553 14968 2983 18404 6323 9960 305 11235 11834 15923 4600 13871 201 12993 10402 7577 4470 1445 15051 15284 17629 8229 9930 12556 14056 776 13673 2874 6443 240 663 16345 15487 18155 3261 1866 5545 4115 9448 2207 8951 403 9627 4672 3222 217 3555 13970 9941 17302 4287 6673 12561 2364 12326 7950 3102 16908 5191
16062 1295 16938 17668 6630 8521 12000 57 1704 15081 16499 645 162 237 11718 15478 16550 10716 12778 18307 8629 16210 13989 11787 10083 3675 13477 14807 14961 14040 5822 17976 14141 7245 7260 1217 12423 14908 6605 16613 14505 7780 18336 13852 7683 8336 1661 1700 11613 2844 9402 8028 633 7345 3781 9238 12101 1440 14861 17029 312 16818 17994 5059 9759 17577 11397 10080 15925 10494 7837 6657 12264 1172 3623 4399 15218 15456 2807 9035 15001 17002 6516 4946 9579 15047 12300 6791 4140 15804 12479 12261 7581 17796 869 10263 10497 773 13812 3289 923 7997 6285 7425 3893 16461 10859 7786 15775 5140 12396 8848 4359 893 17246 14456 7877 5266 12878 3836 13683 962 11229 4027 7742 11952 17928 8810 15126 15475 12089 12045 15568 5080 16638 16888
1608 5927 8070 1747 11975 17992 1364 2061 13180 12645 12615 2705 13615 16752 13444 8723 1554 12241 6184 2978 427 1416 2466 18276 1001 14911 1599 16164 9764 5169 16664 9211 17395 2836 16644 13237 9922 15582 11433 2647 4660 15089 8376 11791 2147 18247 15431 7548 10178 2942 12009 6355 5518 9081 4339 4472 12978 13559 6014 10565 15038 15075 8435 11350 10979 15434 5438 4026 12751 12585 4447 2683 4409 8309 16056 15569 18020 1615 4164 11684 5598 16063 484 17314 14509 13299 70 7096 12924 6563 1626 7503 14172 6159 12079 5022 7518 8022 13211 1922 16748 3663 14133 1135 12035 504 15017 10475 17611 7639 11793 11259 4020 4347 13194 7350 4393 7031 12106 8140 12783 12526 16265 1360 17559 15519 5853 4151 8009 7140 4304 15797 15226 13501 18239 11662
13067 12621 8486 16740 15262 664 1543 8504 8962 6983 2841 51 2151 2982 15025 18194 17337 16926 3598 10758 15700 7630 1413 1921 8573 10848 15072 4012 18295 292 8014 15128 9004 6932 8980 15640 15589 14919 14829 3187 11895 1479 5750 14486 87 11475 12731 6002 15426 16777 3348 6989 10114 12379 14809 13997 4759 14445 17115 8108 2457 14036 18237 8558 14011 6042 12506 16501 6894 16351 17843 13446 2895 7054 13481 1647 16927 9742 1018 17039 5041 1734 14502 6730 972 11726 16565 4290 12773 5943 3297 9205 15149 5115 4646 9655 17385 3615 8764 7183 7122 17602 11800 2487 11746 6329 11453 5375 6441 5715 12911 16909 14504 3708 9096 77 2659 16811 14741 13753 4924 13012 16290 15505 2851 11428 2015 16383 7743 3639 8802 14269 13328 6752 5792 6949
4077 860 12467 2677 6694 11692 7572 934 2997 586 7682 9688 16281 7981 6508 14633 14564 284 17333 10324 12315 5908 15849 12108 3270 4269 1683 17967 5356 34 14551 6931 692 11003 6725 13153 8185 6617 181 14696 6039 14848 10651 13718 17073 12030 7451 5685 9020 13042 1910 151 2779 16477 1409 9829 4776 7159 15413 535 18443 12328 11055 8099 10149 16695 6476 16370 8703 15263 3541 17175 16341 13172 4998 419 11836 4323 12636 1864 5016 17336 5412 1808 12103 385 6629 18337 12866 8743 2036 17512 14713 4437 13790 5271 3722 10936 2363 1461 12138 2897 14987 17719 7130 9846 8142 8956 9060 6469 3823 4285 11336 16529 3801 5084 18256 10937 3126 16691 10002 14963 16168 11458 8645 7172 16133 11077 7134 7244 3818 13531 10092 13745 10367 1443
14659 7712 7032 10 8575 6302 6468 16936 10664 2162 10782 13783 14338 5203 4340 5015 4788 17072 5322 14302 5458 7247 14216 13119 17528 17624 10948 3205 6404 2018 18342 12005 12571 14791 362 5990 13204 14560 7917 18356 11819 14488 4972 17102 3275 14858 16045 4299 7666 7954 12516 11213 9636 14884 14390 17576 5852 949 2407 4576 1663 8371 6448 8119 1862 976 1912 3295 7046 12404 879 2192 15120 16109 12854 17652 1654 10917 4170 9404 2588 14646 17906 8872 6803 7823 13417 1061 15962 9635 6642 17145 8615 6689 1247 2482 10270 16810 1204 14532 10079 1373 18116 4525 8307 5001 7391 982 13793 4758 9177 14887 616 15432 12676 17833 6095 8673 9955 16250 7334 12962 11047 16607 12487 11450 12540 14337 15787 12922 17767 15690 1048 6570 2233 14152
4244 7562 18355 10113 5168 16806 16978 16099 17817 11728 11161 14944 18149 14531 14920 2112 10990 3334 8498 11160 4912 15810 7641 12243 9657 4311 11968 6479 408 12193 734 4500 12434 15757 18216 3031 5974 8290 320 5781 3670 10473 7929 10816 8543 5051 5202 5902 9437 15438 15354 5769 14373 10542 7769 1271 14166 13313 5926 8283 5061 10503 89 10718 17100 4545 5790 12666 5505 10777 4645 807 7322 15272 13090 15391 9975 1456 9385 8981 15086 12843 13629 15686 4700 16066 2432 3121 10571 8657 10095 13506 9160 14061 5945 16257 10174 8312 17445 7253 15812 2706 2422 501 13500 15004 9116 1418 14352 18052 6838 10090 4990 17343 15995 13512 15412 18463 6473 13110 17982 9251 11531 2263 15798 12745 829 15681 12901 16238 14739 134 2735 6525 15970 11802
7882 4468 7628 7733 3805 17853 3851 11247 6560 449 15194 18225 18150 18252 15231 8105 4067 9215 12738 174 12856 14463 17248 13781 7703 9973 7756 17538 467 3133 5716 1982 328 15907 12178 7285 6741 2248 2642 15470 1313 10388 12238 9505 8035 17663 13730 686 1511 16542 9033 4503 514 15420 12673 10487 5335 14882 6633 8626 6058 13503 17914 8990 16620 2636 15884 5482 3089 4112 199 8153 587 8773 5558 12405 10650 11618 5709 11220 11316 16372 12704 2239 14228 8492 13418 17089 6141 10575 2551 14771 13280 4746 5993 18334 11689 14250 8904 11724 9164 13584 11291 18386 17048 12861 2855 15759 4483 18451 6581 4540 18 10958 13558 6486 10717 18353 12098 15244 10934 6602 16902 16439 3684 999 5142 14064 10158 231 483 4781 8157 45 3369 6017
7783 6846 3965 14307 13279 15321 9903 9481 5918 17587 5042 4038 2485 6250 1220 7718 14688 9427 5727 18214 898 6578 15085 12287 10639 1662 10922 10733 216 11274 7026 1878 3019 2219 11892 5228 16252 9440 3486 7263 7967 18224 12835 10304 4313 13499 16554 12037 3343 2478 18165 5601 6866 238 17348 4062 8767 793 13560 8311 8245 545 10229 17386 9894 8567 5443 2450 3751 207 16591 6687 91 5209 3657 17726 9562 9135 11549 9517 11146 13695 8821 6200 17390 11006 11070 4793 289 12533 13079 7209 11000 17943 6618 12175 16218 15527 16647 18028 2672 6747 9216 9011 11267 12078 6981 3883 15495 6086 1289 1333 16326 12614 17509 2369 7085 13219 4798 16330 8205 2595 10959 295 2894 7637 16463 1688 2802 15571 16680 8752 8327 2493 11462 6217
1101 13284 11087 15102 13516 12345 8847 4713 17101 15419 2900 17870 11697 6109 6101 7191 10532 15533 69 10971 14484 10067 13385 7009 779 11130 17524 18145 15980 6723 11044 11981 10339 5417 13851 4671 11687 16411 10830 15684 13817 5194 10091 16514 18473 12148 9746 17844 13285 13191 5151 11372 12127 11907 4230 1894 16722 4907 9078 6452 11805 9878 7940 3159 9963 1611 17374 5394 15191 6127 13956 7168 5406 11167 735 12119 4813 3626 1671 9254 10536 13980 3147 8823 8539 11036 11972 1323 18049 3903 18301 7353 3870 1092 945 1072 986 970 15753 17597 11288 17136 17547 8632 14277 10520 4353 3007 11332 8553 10679 13251 4354 152 7304 16884 1083 15182 9962 11304 12605 11807 5831 1533 7373 5686 7597 4432 7674 9549 1869 1388 17485 3975 16228 10644
16323 5568 1555 8508 11872 1125 3904 7106 18344 6910 6728 13810 14259 11285 2503 18315 16503 13588 4925 8664 4263 17651 13760 9881 12918 8546 16327 13253 8286 16704 15094 14217 9568 11702 3731 1686 15817 1953 2319 7729 16790 473 1104 8179 4098 2616 12658 12594 11528 15790 700 6456 223 15607 7470 1518 6959 8294 854 1703 10691 1659 6221 10540 10710 9552 6582 1696 5296 18240 202 7116 5421 10615 1497 11974 6917 4017 17983 439 5533 5751 10374 4598 15161 556 11271 2742 7179 561 6962 4935 8786 15948 11634 11884 18420 13147 1802 17026 12202 9724 17536 11007 16040 4757 2791 13239 10436 10964 6795 6277 11703 14458 18005 9634 14906 469 14208 7536 17640 6505 9314 8183 10461 6367 17470 12595 9708 364 7700 12364 6763 11171 6933 16368
6160 6192 9276 43 10534 17362 10813 16720 6153 2701 17567 8595 3124 445 17318 1103 6726 12937 9991 4055 2209 5910 16830 5101 4982 14385 7362 6852 2370 17554 16583 5586 3828 13398 14707 12617 564 12036 5448 2681 11283 12144 14933 9419 12162 4267 2859 18285 273 1464 14115 8011 7717 7137 12064 3335 12114 4574 14414 1406 8696 8239 7887 2347 4221 4675 11641 10941 16808 4538 12881 16973 3389 4539 2246 13256 10588 11300 2956 1728 2433 13008 3622 10109 14529 17762 15727 16651 10076 7807 6768 10354 16259 3737 14555 7573 18097 13074 10303 16941 17860 1027 1503 12654 8551 619 11693 14850 9822 13601 8898 11173 4039 13544 2660 2267 4844 16260 9080 308 11327 6124 1948 13517 15402 10659 11157 16965 16363 8812 14230 1144 4021 94 2656 4846
9572 7417 6698 4277 9304 18391 12402 1917 8158 10057 10363 7442 6662 6735 11977 3113 9157 3098 8427 10722 13447 9650 7317 12363 17434 7576 18314 13411 3762 4979 16893 5125 604 10983 2283 18096 8177 8047 13957 11280 10735 8244 18422 12477 13321 16600 17058 17001 16382 13139 16594 17571 15973 9411 5235 4587 18417 17460 13721 1157 801 8019 2395 10890 1106 7171 6336 16510 6991 17878 14860 14361 2334 14079 10736 6669 14824 6488 1159 10039 12260 1978 16813 9111 2833 10446 11241 6759 15736 6862 14878 7622 9570 18475 14146 2103 17722 2752 8864 1527 15742 10379 13133 13990 969 7893 10289 2 7853 4695 1710 17130 5062 17848 4113 438 267 10050 8745 3255 14613 15276 12433 2576 16361 7852 6179 14068 4737 4714 5172 5177 17901 17110 10647 16743
10006 9667 1944 654 2539 17758 17744 6257 15224 7946 10046 4515 7777 2269 821 14447 1569 16452 17642 3427 11586 4861 1059 1309 5917 6193 4013 11448 6213 9661 17619 200 1619 13746 5307 17604 10007 224 10444 12112 9745 14681 11620 13740 10251 575 12601 10111 12890 15307 5106 14363 15090 4498 1830 3461 9919 12234 13326 1821 1398 8077 18056 11311 14792 18272 490 8353 11378 103 6026 2888 10996 1260 17978 1761 5119 14435 15212 5599 9237 14816 16873 2912 7395 4651 332 16400 1014 10100 6766 17161 8537 7827 12869 6103 4517 4707 17809 9723 16083 16701 13845 15035 14691 10129 11076 2676 3131 2216 18002 18300 15592 15805 3048 7921 16727 16962 6290 11516 13138 12256 16128 10506 1005 12797 3023 13813 5446 17396 13344 9747 7367 2287 7360 875
8323 17701 5618 13236 7989 6858 6138 15919 12769 18066 5298 9052 17463 9331 15865 7243 10646 11818 5982 10528 12850 6266 3658 6540 2286 14575 10146 7665 1563 9849 3649 10307 14313 16608 7771 7302 14700 16052 3087 17799 3260 14787 16899 10204 6419 14519 13479 16999 2289 10756 3531 2428 7583 8273 13039 3034 16869 9030 13579 3616 13257 4877 15996 12701 3207 1487 5604 14327 16518 11582 11923 13007 8884 8548 425 14395 11891 6881 2889 4909 9821 5955 10674 12931 18454 11371 12365 17021 5378 12139 10835 1583 16946 9560 9589 3380 649 15240 4809 2684 3033 13378 14924 16369 3783 3394 12954 8352 16030 7569 2002 16841 9540 18442 13945 17727 6327 3368 283 4919 17511 1321 13182 1989 15937 9087 1126 2320 1586 8638 3673 16675 15699 5588 17474 14689
8832 1945 8412 373 5030 6173 11183 1550 4615 1226 11910 6715 9902 9371 18035 6242 1213 5978 5671 9629 3385 15872 12902 7135 4655 18110 10581 10030 8905 15900 6956 10558 9062 4937 7403 2459 14673 12862 14245 16697 13393 1625 12366 9291 2434 880 14416 2887 15332 16485 14023 9595 16931 5886 7933 3523 15655 17391 4560 16919 7804 5903 11249 8383 5272 16807 6199 8049 9435 6033 4605 1559 15637 6214 12577 12087 1968 8067 5867 15689 10022 14868 512 7074 14479 15807 4419 2365 10498 2971 5090 5204 13112 4670 5862 18477 6904 8447 11695 15821 9853 10626 11435 1486 12066 12429 17582 7287 3383 17468 107 10515 15181 3013 1930 15776 12077 17534 11979 1672 7170 1151 18146 2976 10962 13586 2424 31 10686 5739 18489 13065 7027 6051 5988 12032
4604 14533 1449 15071 8579 13954 4536 17279 16493 17114 2587 12391 12387 5866 16092 3475 9200 12793 16176 4585 10122 16464 6705 9247 18385 2342 14786 10041 11245 6143 5049 11926 11674 5256 15016 13068 13651 5803 10433 3239 17278 15769 18345 13123 405 9233 10274 4642 13046 16227 7911 12151 4023 2406 14909 2195 3504 9172 336 11803 2266 16484 5242 9619 10407 12500 13798 8865 144 11212 602 2004 2245 13858 18133 2210 11763 194 15283 16825 1349 9866 3444 15499 16316 10396 13229 16956 11921 11121 914 11010 15803 11691 9569 17957 8120 12900 10320 2910 4906 5207 10350 13754 387 2066 9016 16511 14584 3561 4555 3384 1760 8917 11764 5632 10510 8598 16001 2759 8697 4043 14168 12228 7207 5509 16615 1888 6163 16284 2079 5131 17068 10993 3460 16070
12548 12459 10987 4046 6057 11559 18324 10490 6671 13450 4382 12408 6317 15349 9909 1326 7282 4302 16778 15326 2074 996 18368 18357 17801 17780 12150 5956 6893 13414 14318 2068 3732 7739 4097 4148 7726 17222 7458 3274 13319 16887 11896 18446 8995 14594 4306 14971 4918 5681 6165 7316 13811 13212 14287 11810 10296 936 356 13416 5535 2847 10124 11904 4601 7176 13195 14886 680 17092 10599 17862 5117 4161 16766 6558 827 18389 541 1757 14 8750 16151 10226 6901 17398 18424 9700 6041 1772 6136 6825 17984 17144 14411 10723 2509 17770 11429 17170 1138 16140 6885 5540 1407 11912 17760 15507 2857 678 14074 18412 13920 9125 17338 7612 8690 18402 4913 2596 13884 9284 11145 13439 119 4751 1691 5058 16612 17852 7999 18084 15724 4286 16730 7592
2713 8999 15201 11019 6044 10323 56 5076 16107 17610 1174 4254 8150 15663 8720 1327 4309 7899 16085 10973 6918 11158 13231 9898 17143 14280 14895 1040 14081 988 12811 12803 13233 3024 10786 12201 11542 8709 1 12282 13952 845 14561 2961 16222 1253 10683 14547 13607 4214 8221 12547 12321 16526 11143 9367 17219 5668 17403 15793 10952 2733 15671 15969 17097 1019 4867 16006 10861 15176 16943 8590 13748 16666 8144 17581 9154 8301 2335 9229 12667 6461 17953 18187 11851 15876 4293 11193 2138 12973 11108 1546 7144 13696 17921 8957 11588 14520 14989 6166 6339 10642 14645 14274 11237 6222 17513 1085 12472 9260 8647 12056 3654 3896 12494 3949 14811 9867 4197 4568 18359 16971 15588 8475 6675 8017 16872 5497 14837 10012 14244 16634 6225 16174 243 16494
5189 16925 2402 16453 7365 5855 8461 3433 2760 15052 7561 11532 5764 18264 9666 12541 13657 7289 12443 4543 18299 8748 6444 4428 392 3567 5068 14186 14482 3540 18090 12058 16170 269 14813 8296 4569 12983 2601 5008 12183 954 16297 13701 7906 3825 906 856 11883 15171 281 4958 4169 11983 9191 16495 8155 971 8661 11313 10562 8172 12808 12991 1256 10268 6421 16073 16890 12895 15584 11419 15881 6614 6780 7854 17888 10283 16829 3496 16129 15311 873 7836 17954 12818 812 5775 11494 12933 12216 12049 7479 4729 7975 14096 9045 780 17566 2285 9765 10369 3062 12626 2720 448 5490 17409 6557 2849 5590 15945 3741 513 18381 5469 8945 1711 5526 8906 5819 5104 18144 14926 9557 6178 14113 1833 4630 4129 7020 5807 8935 2974 11779 1457
6169 311 1262 3354 12011 7352 10965 6515 17728 10415 1020 1307 17090 14438 3157 14362 3220 6619 17698 13018 355 1725 4463 4609 15542 11863 1304 16300 16064 17678 10441 11886 2258 1822 11256 5850 13400 5547 15450 18000 10055 4402 338 7553 11232 15380 12910 5032 13900 10137 15532 1036 17715 1547 10472 7355 4116 3969 13897 13923 13891 7272 12532 13384 10772 8438 1447 18397 828 2453 11369 5350 9895 15096 9921 9513 706 8216 14190 12294 15811 11696 3416 13595 15966 16951 12042 13262 11925 4209 17376 10167 10422 9070 16761 1312 14747 4762 13353 11876 10682 3908 9573 9127 2467 12473 17690 5308 797 15443 17960 9536 15155 12920 5379 12786 3406 6963 10155 8222 18408 2890 13440 15557 9468 6968 11348 15617 8100 14588 12619 1909 14195 2317 10049 1094
13743 1045 3502 4980 15597 208 16247 90 17448 7177 17401 9574 2527 16563 8611 9879 10513 7004 3516 18130 10866 13490 190 12231 3573 12703 7139 8010 13380 17052 14029 10348 5110 17756 3557 7919 3093 485 14958 2133 18406 12130 13773 12998 15824 9532 12088 3665 11322 3964 14798 11053 3346 7232 8876 15622 17654 8775 11098 6816 1845 17340 2033 17274 6993 4089 11188 17443 16239 17612 12046 3445 10442 8439 15938 12033 2506 6370 10399 15156 10610 14611 4617 4136 6518 16153 16356 1055 17284 16418 13419 9971 18439 5304 17306 15682 452 5436 9024 11551 10179 13063 12663 3221 11713 17290 13576 16624 4961 7205 18186 12631 9721 9504 2939 16122 7372 5611 252 1233 7828 9709 16333 3305 14838 2391 4943 8330 7866 322 1446 6255 213 12157 10380 15816
16254 17583 14008 14125 8819 9546 7663 8319 17783 13230 16957 10349 15214 354 557 2798 5692 6568 5484 1809 1405 6627 15620 7100 12034 3132 2981 11622 2950 9801 14974 9264 9711 5096 17797 5183 7024 121 14409 15933 8699 12603 12226 3814 7039 8477 11254 14621 2898 12974 168 7593 10789 3827 7240 3371 17465 12697 2696 16703 13177 4852 6245 18060 5569 10326 10553 16784 487 13348 1049 18112 15045 768 7477 3250 17977 6958 195 10452 10411 11341 13865 3591 5463 11784 11370 17402 12184 15685 9580 17733 11838 546 1096 17827 8297 17469 16504 12014 15851 9786 3997 5020 14553 14912 5380 3808 6600 13270 6693 17327 17903 1123 12298 13896 15915 7725 6724 10902 1198 7633 15531 2498 11824 2986 8470 11987 14666 7325 15767 6922 1028 14194 8241 5197
14104 9774 16231 2570 13048 16338 11342 6700 7754 17370 10455 5286 6013 4035 4093 5179 17134 2933 330 5723 16652 4528 2309 2634 15000 18341 1401 3347 720 8769 5225 17704 3110 11068 9744 5006 6784 12650 6761 8184 14147 10230 8139 397 3038 9729 9349 9113 6167 6310 14776 17644 17437 11365 15506 16357 17944 10031 9392 16802 559 3563 1868 13265 14437 18164 12356 6970 2049 3807 10104 3138 16067 4460 17411 1652 1915 6212 7618 11209 16953 5856 7478 18415 499 16857 7970 15990 10867 18202 14282 6363 1155 15398 13089 14080 7998 327 5294 10908 1824 8818 6168 10395 9526 1370 5506 12136 11570 14442 11140 1506 17005 14782 2538 7625 7991 3310 11357 2537 5093 11792 13991 7224 7151 13545 3055 13928 7188 4869 10673 10438 3755 15626 11454 13972
14726 17181 12076 12627 9690 7464 16315 14180 11636 5175 12370 8528 4041 12409 11847 15330 1939 3328 1660 9029 3320 9262 12263 6309 9847 7730 13659 2262 2923 3069 6634 8266 7705 15023 8226 15485 13208 11030 6595 3514 6651 10815 12996 17773 13886 14985 2789 8599 16907 5461 3171 2577 4360 11382 3700 6832 6714 5549 15538 13161 15256 16017 2470 5063 3438 6427 18091 857 935 5447 8060 13715 3303 12514 3977 5641 4315 1745 9812 10322 18074 13918 5912 5524 1876 285 14658 12688 2460 17159 9271 15436 6837 14289 9069 18076 8655 7599 9958 11323 6114 11393 7220 14556 2381 3631 11080 2354 17449 8950 10484 11842 14106 5396 13777 6195 11951 2632 3520 7669 5895 16762 12841 9295 16538 3304 12133 4275 8987 6941 8732 9189 5435 14444 8305 14480
17742 7833 15079 18280 2399 6125 13493 18268 81 14826 4212 11521 11136 1064 1699 1383 6322 17064 7212 10029 6883 14260 12270 16988 660 771 12816 18395 442 6010 9379 457 17823 7213 15823 15015 17405 6638 16898 5863 15782 6003 10707 7782 1315 2252 11086 1594 18266 12353 12273 16611 13747 14587 8608 5097 14349 2896 12188 11663 5355 12507 16059 15641 12200 11299 4050 4305 1397 11958 12640 2838 863 9374 8669 15975 5567 6158 3518 9652 68 1158 4240 15006 13347 22 10384 5481 2344 17605 14960 17609 8428 4037 6530 4245 2547 14694 15198 6418 18464 6907 147 15278 11352 8660 4465 17205 5450 18322 4369 16322 5669 15040 9386 11488 15407 8012 15795 13243 8075 1122 10355 1907 3178 11315 13583 14098 9928 2323 2379 177 16718 712 10212 12765
4453 13665 14082 5582 18103 1088 15331 17854 12120 1432 4524 390 9819 2769 5029 5048 17093 7749 11474 1163 4739 14732 8356 17165 5153 3382 8992 8061 6482 17298 16255 11629 8933 5981 1742 13538 6571 15944 9010 10194 6433 5714 11093 15614 8191 12050 5428 205 7099 3265 11406 11073 9501 6550 3070 6888 5552 9601 14366 6181 1963 14336 11862 5466 14254 4019 13642 9382 8701 10788 1637 9896 10911 4204 16746 2863 3938 9357 13029 10223 13159 6680 10796 5720 11359 9058 12813 4274 11367 5418 9935 6804 11380 5164 9934 13080 3408 1551 15338 15274 5610 16160 12003 7554 9482 12718 325 11376 222 12859 4799 12949 1735 732 9850 12073 4550 4297 8679 2635 13209 696 9563 17355 1829 5613 14619 3780 14723 2711 15502 9051 15382 7875 10440 7601
429 3934 116 4962 15228 16076 5898 16332 5899 16961 1210 870 10586 13837 15210 16157 14122 6606 7203 3991 16348 17416 11550 14864 15942 3027 12770 15111 14665 12359 3971 2919 8846 12819 12407 13372 7737 3768 8670 8174 6248 14866 10101 8059 14364 1797 7256 12512 3699 6823 4923 2072 11355 17146 6576 3213 12706 15509 11416 11829 9651 5563 6774 12375 3114 6868 6233 4959 16745 3215 9987 14507 17289 17821 3294 6262 10685 7766 18494 4934 12481 5070 3973 7526 11005 2980 13597 15901 12039 16797 8212 2108 9731 3165 12684 10248 17185 7048 13445 97 12329 9249 13587 9369 17688 14852 14647 12845 17263 11129 4473 9662 8072 17831 11957 756 9918 5625 1130 1390 2772 5580 14544 1202 9782 4507 9327 9195 12296 129 16986 13776 5301 785 12660 11027
5239 1875 10284 4807 9120 8524 12252 4711 8972 5998 9061 12142 17816 6000 8881 225 8569 17879 17503 9001 12081 12213 5719 11522 5251 11591 7942 3421 12469 2514 13864 1560 16623 12563 4165 13977 11848 10953 1129 14353 9811 10404 14183 16046 8133 7873 7556 9830 13437 10301 3826 2690 2099 883 3898 2909 16687 9825 6288 14144 14278 12455 17866 5161 13525 14006 16650 1817 4417 10381 18201 841 16381 9384 15451 2028 5213 14539 12016 11050 15362 12502 11351 10744 5794 12693 13528 4396 2985 11509 8378 11568 10371 17044 11064 3763 10143 10909 6986 9471 11766 294 6824 10912 13890 11420 12963 13040 3047 10089 8740 14355 1330 3017 11239 3432 16662 5486 253 18253 16867 16236 11440 740 14812 17923 3349 10655 658 4683 622 15720 10578 14498 3117 17525
1632 4629 9523 73 12670 13751 11298 3237 13596 2691 14956 14112 8476 4669 15462 16984 4118 3000 809 17997 14341 4597 8843 7358 3319 15827 2589 17307 15367 15729 9656 14761 9559 14054 2962 4014 929 12413 4482 4618 2110 17237 2745 14752 16373 16755 8217 6905 16598 15752 5930 6665 7857 16015 7979 12080 16944 2273 12635 14733 7751 638 10669 606 7499 282 7086 10070 16183 15471 14856 16549 4820 4082 10148 5740 1580 8967 15458 98 1012 3850 136 8214 9046 8554 1905 1225 17382 5102 15772 5589 4281 1203 941 9940 9064 11307 15668 7443 17568 6787 8063 10244 13633 10383 10256 14711 14340 1002 18262 8029 9165 1798 13476 14899 15183 6699 8078 18251 9755 7668 12582 14753 10221 16237 7728 8023 17461 890 8126 9704 1491 3822 6826 61
14572 7292 5944 14657 16705 11965 13207 18043 6147 6349 2420 2732 16303 14626 11361 13304 5332 3785 15833 9889 4415 18330 6344 2229 13905 7186 3724 15543 11980 6122 16661 13459 12867 6371 13071 13722 12748 13220 15344 8001 4512 1564 6652 2988 12001 16069 3775 5311 3423 16976 11310 15679 4253 11548 5005 16963 9640 17857 17203 1678 15039 5591 16353 2854 13185 3707 13435 9837 9892 17364 6331 17874 11396 8199 12723 4133 8089 3057 333 14635 209 12972 698 578 1111 16371 11605 3182 10966 18467 10250 4213 6369 18051 9807 16025 14123 10406 15570 614 8107 8887 4066 7259 9365 7329 8251 10048 14126 13735 14232 13822 1078 6996 16551 12759 2788 14468 13692 15618 2629 5214 11877 16586 5002 9639 8467 9887 4593 14419 11119 5321 15909 6523 9252 3655
7871 17979 13273 12873 16230 13609 1283 12247 15939 10134 10262 6268 12746 1301 12341 4666 10919 6102 17218 1108 9598 16309 17873 4987 709 7688 18484 15281 8129 16077 4001 8398 13460 8639 9981 4320 6842 15125 17166 11821 4357 18331 15954 12747 2401 6337 8289 13987 2228 9109 17564 2816 6306 3194 9936 8759 2695 16343 2006 15883 11118 1480 1720 11683 18179 10637 15792 15400 18340 17088 581 1620 16117 11600 12380 14602 15997 13376 16528 9261 17964 13610 11874 7578 7294 9224 18007 2651 8064 12174 4322 17457 15934 9741 18048 10093 10141 1182 5718 5155 10489 7169 18203 12393 2811 17657 17518 17766 13925 12909 3957 8680 1494 1038 13327 14634 16539 15065 7716 4414 3771 918 9946 1124 16320 6417 1329 17041 15998 11573 1680 13312 2993 8705 18363 6593
14345 84 1918 13681 11908 3703 9169 1006 5427 5936 314 11603 5326 124 12435 12944 3152 2009 11534 3817 1113 13758 301 5105 14683 13032 159 6324 6430 11505 8893 1375 8042 10325 1415 17682 16860 1573 12195 4002 17803 4611 11418 6478 15518 4805 16710 12662 2665 2535 15988 14939 10028 16763 9547 2313 8013 4137 15461 7661 14637 2698 316 16401 6303 3063 825 3430 953 16617 7251 15664 14158 3039 4709 8871 13888 10097 17519 18136 11839 788 6130 7488 17875 6251 12655 17105 13465 8681 15353 1636 7636 16014 7448 14766 3036 3105 12842 3287 11517 2146 716 12438 16786 3336 6827 16991 11251 14610 6529 12293 683 6073 15600 11144 11112 18291 5047 13383 6749 3208 3829 5885 11967 13951 12995 13581 8085 10667 8918 9665 13427 1738 13875 775
11478 16139 3748 9920 9953 1740 16443 3280 18062 15800 13050 16653 12800 11324 14030 14687 12431 12271 3521 10026 8291 5405 13549 11759 3443 8809 5519 4145 7894 3610 5648 2753 7068 998 15376 2254 15422 13122 11673 7000 6431 17591 13993 10872 16037 3467 4544 15740 4519 3765 15389 4628 6065 15896 17545 14207 11733 7814 12458 1165 9487 17147 11081 3907 8768 15771 3167 2904 3961 3918 13880 12086 9770 1380 1097 14902 1076 8974 11743 7101 17623 7255 7509 708 6977 6460 17124 8232 2122 6800 11995 9535 14599 3944 15497 8351 5595 8721 16433 5034 8892 18418 8531 11262 2935 2977 4497 4621 13025 17930 4964 16095 14969 15467 12976 14542 3595 7252 3913 15304 8691 14193 5865 2449 14382 242 4225 2017 8806 17195 16729 1596 3586 4882 16866 10596
5797 6843 8511 4715 8169 14543 3277 4153 5869 5288 9082 5937 7897 2924 17380 746 10992 14896 9005 984 8321 2678 12707 3332 476 18034 15845 15036 17617 11504 6209 1430 1481 16161 12625 3612 2832 6944 6407 3181 14185 9670 10618 7761 5053 14652 17548 17193 8517 13827 1410 409 7497 7963 9663 6646 10585 3798 12057 12336 15328 6381 5381 5768 9432 6685 4578 13909 16856 2425 5010 16723 10701 7752 11668 9466 14775 17805 4167 5883 4800 9220 6841 13152 2763 17050 9299 14950 6299 9628 10980 4011 12327 17570 11767 7215 18134 416 3594 17765 1796 11617 5975 8901 15333 17267 304 13363 3727 5630 6546 8589 11496 8440 13600 5222 9710 7844 12395 349 9303 15303 836 2293 13520 629 14476 2738 13690 6335 5562 1601 8479 5284 1942 6718
1935 1387 2124 1648 5788 14386 17187 7951 12205 9713 15029 17404 1853 15825 6521 9999 13823 6972 17346 11882 8666 8168 9018 8262 4228 14169 15820 4591 1790 15783 4385 4886 17938 11991 1998 1318 15651 6900 10353 3256 905 12309 11061 18119 8601 9112 9912 9606 566 5615 7517 2891 16773 3532 5361 12982 14740 16248 7691 4541 2649 9269 14121 15826 6711 140 2128 3327 11992 8201 3153 1805 4522 13667 16319 17990 8738 117 14026 12221 4898 5684 3679 17578 624 13471 14686 15319 11510 15837 10589 9539 17104 15021 1022 7357 15859 11501 450 16211 17489 14592 7363 4698 9006 1075 4582 15197 7800 15298 6919 16684 14674 14668 12864 16822 10804 14430 2005 11844 8527 5924 8164 8106 8268 13091 12538 11978 13337 15537 1957 5538 12168 1118 12985 1675
6584 12172 8236 11035 5293 13513 8130 15105 10741 15567 3361 13750 1528 7079 4367 12898 12647 7052 14565 3492 3141 8293 9054 16854 8258 74 3854 4899 15976 1898 2384 182 18154 11700 17836 9808 5745 9716 7571 2818 10081 15206 2027 4207 7648 15454 8316 12915 18370 8640 7891 5474 11190 6801 7138 15764 507 10809 2926 1693 4162 12242 588 10978 15054 10392 10075 17297 1813 5495 17291 12546 3551 4426 4768 14188 8544 5689 8502 14871 2054 6301 13598 12465 3449 7959 12804 12171 1268 8080 5551 15946 12761 14795 11500 817 9223 10719 12550 17023 16115 1412 15660 2087 14009 5336 9017 4619 17955 1553 4504 1578 13536 4595 9900 5485 16852 13113 6690 8784 9771 16911 18245 13768 13339 12553 6620 8176 7308 3078 9516 16100 2222 3452 15561 8215
13771 15836 16975 2501 7300 9880 2790 9104 2972 17925 6380 17198 1310 11092 6402 4261 13898 15662 7993 1273 3986 10213 6001 5237 3786 4171 2057 4121 10311 15702 13712 2519 6979 3999 5830 1343 10739 15280 2135 5424 3635 7546 15238 749 6472 1624 14161 11295 1825 1142 15710 2848 15842 3728 10845 14857 8845 12716 398 10840 12669 6366 4078 3137 12460 17293 18064 14020 12883 4825 4817 8380 249 13541 3100 1706 5785 9438 8086 6596 1631 17074 3536 7690 10357 5872 2328 16447 7233 1116 12727 1057 15574 17971 3128 7845 9813 10214 7615 12208 4567 3874 16997 9148 10533 13999 8861 522 5570 950 4191 13625 8735 10729 17864 3016 9208 11218 2864 2060 15889 6139 15251 13458 4718 9638 16555 758 7092 1065 1972 14718 7017 14370 11135 2312
1068 4345 8381 13532 2870 15167 11780 17973 4712 4814 12791 5111 14750 3604 6625 3524 17083 4887 1786 5969 4352 14992 7298 9681 13955 2606 6423 13780 8068 11432 5205 12307 2712 4265 8610 2189 10216 15296 9798 1117 849 3835 3396 6029 5246 1895 7758 14712 8041 2024 12239 17867 9683 10034 13950 13674 25 13210 8224 8332 480 18088 12381 9235 15070 17986 2056 6649 2927 925 13889 838 13002 1574 13818 17352 10807 2098 7337 10931 17746 13114 226 4822 610 14241 9446 5503 7537 6155 3676 7359 4681 10372 4490 10624 13960 18072 6613 9286 18139 2260 2292 4933 6244 17633 1676 2358 10897 1167 7590 18294 17721 8364 13660 11938 17062 9872 11654 7649 15112 10127 17111 5787 913 4827 685 11294 7374 12956 7835 8988 17649 2727 18283 6934
3547 14252 10855 6359 11827 10825 2739 279 4606 9307 5710 16446 2109 9391 6865 10345 18400 4070 15828 2396 6493 8007 15863 8218 3600 4991 5984 2744 7943 5285 9042 8056 14086 5024 12245 14263 3967 8509 1369 15237 4966 13778 9804 3 5341 2349 2426 8600 1272 11185 18156 15959 7660 2555 18466 1257 4480 6884 12661 6957 3155 6532 16996 12955 14432 6420 10608 5289 8510 14800 2372 631 4734 7490 16917 7398 3885 9315 6454 3196 17148 12219 15490 6265 432 887 16901 16642 14078 8341 3747 2951 11508 10027 6751 900 7314 12822 5983 14892 10783 13141 5815 2221 3029 4893 5623 7401 17127 14094 6813 626 5134 15741 1363 3326 13269 16146 6632 3403 9444 4449 2321 12330 14396 15839 13072 15318 8850 13467 7002 13571 6769 16817 12446 18416
3545 11225 6668 14312 14436 15683 1197 7735 6104 2899 17119 9301 7087 11738 13355 1439 10195 14387 8015 15609 18227 10573 4688 5893 7920 6063 7713 12116 4370 17080 17131 11034 2008 4458 12829 16192 17819 1169 13941 6945 6946 16966 13856 15474 12624 14708 889 1974 13767 3812 3584 6011 6828 14173 8050 6442 12593 3915 16311 8048 2143 9686 12291 15154 17761 13708 13796 16390 4954 18199 16287 741 8792 2694 1966 3115 2916 12421 15575 3754 9522 15913 4241 8654 12568 3602 11278 10545 4557 9641 8300 7927 12837 10062 12913 3500 14743 6362 6320 10829 9478 18238 16849 5651 17861 14317 13461 5557 18118 11557 2043 17520 4837 10981 9933 2667 15857 7662 10393 13098 9488 9066 16798 8243 2593 739 15028 6729 1082 8354 3678 5323 8426 9414 420 8432
436 16038 12971 8231 8355 15346 12683 8671 9751 10290 15153 5400 17931 9643 5816 10073 13056 14454 3799 16253 16364 2637 9907 3815 4246 13854 4973 2567 14758 12586 10351 11831 11493 16331 11973 11652 18089 1775 8116 13939 12445 13926 4884 9485 15364 13375 5864 7495 10801 17466 3863 5031 6297 1212 12830 1377 4438 5607 9248 11777 10856 737 2697 5018 3268 7326 7221 9424 17720 11569 4594 6296 2041 15292 8656 3927 8055 7291 11721 867 16147 12812 15583 6586 18453 11154 12190 11761 10139 11206 18192 15994 1542 4179 7806 15856 382 1478 5431 12749 1718 9692 9346 5973 410 15644 14603 4461 6015 8882 14459 11859 8304 4866 16082 7465 12267 280 3399 7427 9533 15107 323 3979 7879 1597 53 17922 2810 11197 15676 12253 15121 11362 2250 7124
14046 959 6612 15613 254 543 11946 2975 12795 12367 14055 16118 6152 9521 16646 111 3365 1665 3671 11219 6603 967 12984 6820 12519 9545 5639 584 16972 16589 16224 11115 13686 6727 2212 7335 11177 2357 16851 16585 12311 14264 18189 2205 6157 2797 13724 17273 12939 15504 10360 15770 9564 10705 10416 2438 14118 9633 14995 17133 7964 7895 79 16002 5124 1010 14150 3252 4425 10961 4626 11487 16787 7516 9294 12189 4326 11004 14461 6645 8147 5662 11133 3082 2382 17962 10272 6512 6739 1731 16378 18318 17120 10217 17565 9524 14083 18027 4802 831 15142 15562 7433 1016 14223 1842 12904 4986 17550 12710 7305 3041 18099 14595 5136 14651 11105 3744 2521 5849 6241 10505 948 3324 3880 16910 15680 16283 958 411 11152 1296 8026 10916 11156 16678
15352 11282 12570 4054 11305 13802 14536 9107 8565 3030 15157 7697 17897 12754 7983 8577 14381 1904 16602 2840 7799 12322 10163 13213 13966 9279 8514 18414 12600 13274 14506 6357 4625 6928 13761 2620 6567 6588 4920 8829 12198 1682 10245 14335 7043 3630 1293 15265 17201 4637 14062 12641 3800 12951 18226 10652 17196 3873 4361 11741 14945 4992 173 16736 16268 9788 2411 361 924 15864 4031 8920 5444 10742 9218 15712 8725 2654 2415 17614 15460 8418 11535 3463 11520 10432 2476 7390 14540 8618 10684 14976 6319 5665 18435 17357 15867 10130 7624 17258 10597 2429 3061 594 11151 850 7819 16896 11858 1316 15110 9502 16995 16924 14472 3233 3651 18213 17969 5870 12248 7120 18483 7486 12415 4983 9228 5701 17163 8900 16968 9323 13165 10364 9272 8237
9014 11598 13250 8728 16194 5640 2875 1095 16708 13222 8907 8228 7022 1877 14400 9794 1352 3683 16375 13057 13508 3149 9865 8937 14434 5373 16292 12451 16671 877 9332 1218 4284 8507 5303 2178 6208 12905 15219 7347 9380 14764 14930 10628 3079 6183 2172 4760 10431 11088 15018 11868 8523 4033 5638 789 7552 17439 7030 7996 1063 3627 3190 8282 11553 9781 1828 8726 8708 13828 11048 10559 7721 17245 17094 17993 17739 10219 12368 16003 4678 1081 8552 14785 4803 13553 10004 15374 15355 14007 4280 11903 15437 17206 1916 6971 9239 15108 11624 2013 437 2718 10189 3695 7447 11546 17830 9979 11527 2969 18198 17896 8896 2294 8379 8814 13107 3922 13364 3174 8947 1793 13574 4915 12970 6399 16707 139 14073 6070 3830 8401 7119 2583 18365 555
15392 8324 1228 14834 16619 15675 5500 10036 9475 369 8038 4192 5411 16556 4095 4849 2226 9421 1298 13710 7162 13055 14285 6647 11028 16098 9597 6924 15069 3990 4914 3203 6872 10470 12377 7371 2825 8024 9079 796 2670 5817 1638 14047 8263 17885 12509 10870 9998 9803 12581 1771 6547 9302 2794 525 6531 1337 16530 1143 4894 9531 10157 13626 12257 4252 17681 1066 7273 5320 2257 15253 16676 12875 1209 15886 4890 2104 17755 2685 3422 2834 10802 5784 6198 125 13480 10458 3791 5858 14272 7528 13086 18033 9914 18431 1591 11491 4168 3494 6622 16196 5413 843 17180 1168 15060 14631 2377 17621 13947 1567 7146 14477 15513 17937 10779 4864 7450 7005 215 13033 9469 3381 13788 18176 11456 17200 17199 4853 733 11651 4475 7468 17813 8779
16982 13403 5025 15457 6822 16581 13004 8762 11945 9767 8357 10292 866 5354 8939 13036 9480 4410 4004 10846 14984 2491 4184 13405 2592 14429 11404 4856 6999 17887 17194 8758 3681 14640 5449 2743 5190 12290 15415 1004 5835 9882 6434 434 12452 3234 5261 13922 6279 14248 1311 5017 15305 16096 12607 2032 886 15624 17369 7063 13449 18019 188 7199 16534 10724 1767 11934 18094 2914 14522 10590 17054 12351 4690 11507 13238 16451 12211 17341 404 4797 3176 15633 13846 930 5649 16533 12154 13083 16264 5420 9828 14281 17506 10822 9190 1755 16573 5928 14067 13791 11529 15233 15510 8903 12855 3813 2915 944 13288 13874 11391 6390 15890 18362 347 16712 14057 7539 3022 9273 5657 11788 13406 11774 13433 2240 12004 14293 13200 14235 9188 11681 8736 5673
17051 639 8103 32 3428 7966 13551 13356 126 12262 10218 1713 13154 4836 620 17569 7792 6389 13282 16360 2380 12414 3750 10763 2086 13573 4068 2549 7402 2439 3528 15350 16404 8424 11465 7925 980 8503 18061 13170 6267 1896 13242 13739 7399 7793 11444 13974 7982 17673 572 7250 8414 3054 17808 11760 16692 13870 10254 12412 11631 7764 15952 2918 6477 2314 5430 3154 17077 7995 14644 5760 11956 1965 1763 9395 3209 7672 3379 5085 4834 3508 7413 2069 8472 11398 15087 12450 1308 6379 179 3042 13731 16205 17497 5374 4627 14343 6955 7275 10728 12907 11014 5135 7858 3609 3534 15449 17344 8549 8317 9401 5619 17446 8422 18437 13034 12801 4744 3743 17998 15895 9780 8456 13244 3464 7082 11301 10088 14455 1470 15174 9984 9581 10201 10086
16175 4994 12372 13968 16855 6410 7147 11758 4079 8648 17492 3378 1303 10361 3644 11754 15892 11180 4451 18142 2118 13680 14357 18087 15137 2388 4685 17049 840 3300 4785 6889 3200 4424 13542 8968 3963 16120 10128 9280 12176 1245 12527 10920 18081 14380 18258 16476 13671 6189 10930 3345 2064 997 16414 3099 861 9232 4152 1709 6640 9166 4881 11343 16658 4364 5677 4330 14914 3005 16199 12839 8993 1035 3833 13464 8270 8966 4888 435 2746 5247 3824 12015 16429 6927 16307 2949 12419 12323 1849 2333 1429 7677 10986 14283 4686 6686 3398 13472 8753 3479 1975 7076 13523 14316 9292 10623 8203 4929 7033 7707 15147 5635 8404 16392 9119 15494 9561 346 12997 641 6386 2682 2852 4640 5706 18071 7500 9266 12417 16437 11563 93 4036 12870
11648 17227 9725 7550 13624 6354 6338 14383 9298 11817 10241 8443 8636 7670 13732 11226 13174 15576 104 9677 8853 7098 5602 13885 12422 2120 1371 2366 11483 12258 9678 13428 7896 8739 11931 640 5537 10769 4786 8188 14828 17846 15751 11317 16974 5280 5388 3864 12826 10849 15271 11395 9285 12071 4565 11642 11192 7121 1952 1173 6503 11723 1341 12644 96 11138 1434 11215 12560 6162 394 13919 4219 14991 3397 9431 13181 9871 17235 14901 2761 3049 1112 896 6659 16482 8971 9697 10572 6234 15463 8838 3009 1166 18031 13518 4770 6966 565 5977 6890 17482 4676 13160 4378 8053 359 16346 6772 6264 11671 6005 13742 10611 14251 15093 10140 11031 7045 2181 17769 7795 17551 11451 3471 11985 3285 3846 2021 5838 9674 2343 942 6954 11075 4467
12373 11060 1099 16344 11861 16397 3316 2123 1954 8879 14620 5915 1132 16340 16783 13867 5453 6424 2308 11065 12314 644 15703 7722 15347 5324 8337 11430 17771 14874 5698 10295 9862 8733 7078 9063 3364 6047 5217 30 9330 13749 14043 18284 3350 18478 6978 9575 300 13331 11240 11914 8295 14541 7938 14271 5916 6273 1701 17118 4108 15288 4777 8793 13716 16592 1425 750 4726 12483 16742 11633 11630 16149 2966 10273 1147 17790 13096 3312 18405 2193 8382 15282 16519 7611 12091 9706 12220 13318 10385 7301 3662 4755 3882 5383 13804 12739 7978 13820 18257 8420 1510 10991 3065 14744 9186 3223 9883 830 1723 9124 10126 6049 15200 17616 17433 17620 12675 1186 5693 4635 17749 5491 11 3884 12317 17378 14566 4603 4492 16821 5184 17234 3322 11608
17527 8137 3148 3352 9356 11276 2097 7409 6490 955 4283 2360 15082 17035 16399 2548 548 16929 11411 6579 10653 9851 7474 14284 14296 16449 15898 4772 8138 9997 11302 8763 17600 2717 14583 18127 15657 17561 16195 11715 12834 11976 4224 9817 11846 5644 2483 14738 10790 15041 18092 13693 5653 10907 4462 9490 10469 7396 219 1937 3269 8729 7012 386 10889 1668 13473 1007 11658 2281 16527 14905 11765 8538 17014 9170 14510 16876 2106 11770 18271 12441 18218 4401 5837 3337 1433 2186 10434 16419 10056 11149 7606 18210 1893 13578 4657 13497 3067 16805 13003 9970 6197 15731 8516 10462 7856 7127 6384 10525 6789 9085 14803 14762 18335 3947 3161 3020 815 5075 16273 3710 15368 8676 8796 14392 17121 13296 12389 10657 9403 8747 6018 4045 4279 14017
11682 3188 15313 15947 7714 2721 13484 5700 12349 3291 2883 1344 6470 15032 12930 16450 15834 14830 131 10340 3672 16861 13622 15104 15091 6534 16200 8114 10276 18480 6398 6940 7818 9460 10196 14246 10678 5095 12394 15127 1754 7467 4511 17579 4828 11853 7834 9492 13709 17142 7436 3552 4699 8649 6188 1924 11452 11932 4792 1393 16163 5472 5457 15134 4957 4997 18455 3843 3480 17436 10294 9114 11258 128 7019 12170 18321 1047 12161 14720 3183 8791 17213 13641 16091 13794 13619 1499 11660 9864 2508 10106 1023 853 662 3921 15357 13914 14154 13932 5996 15247 12246 15301 11795 6556 16455 9750 5971 16767 2776 14131 16325 11415 2771 3120 11057 10974 11363 5593 14788 4830 9181 4873 16465 8914 16576 14597 6643 12403 12382 12522 17968 3572 12948 15963
10105 1266 7656 2955 4889 2507 6902 5329 16272 18108 15378 8856 62 10479 13755 6672 10186 9068 3841 3503 9335 10051 7296 15977 18476 9762 15113 6186 15572 4740 5873 1985 3495 9810 8339 17679 7655 12681 17418 9152 6663 11198 15522 16945 1891 1237 4662 11880 16108 15761 14031 1707 15844 9023 4787 15953 9381 9008 11878 16475 5147 13081 16891 18260 7900 3493 11182 14426 613 16097 1929 16799 14714 16520 15057 13261 11252 16774 851 14571 15678 102 993 1756 6599 13 13685 9994 4107 939 3777 12756 10696 4717 4876 197 15482 679 632 10518 321 1376 18309 9222 15056 17108 17572 17223 1606 16509 11833 1584 3887 17708 18100 16523 14015 4995 4163 3933 7848 431 12892 6631 8519 14797 11461 14822 763 7652 5660 15260 10633 12217 10557 7281
752 5265 3796 18456 164 549 9253 8445 5074 10478 12295 17269 15951 16389 11084 14528 2730 7956 10605 7434 10500 7312 4420 5108 2301 7377 12674 10169 1058 5215 6701 18319 17013 2176 17425 4087 1234 18450 17359 7600 12156 13849 18233 7805 17450 9434 16301 547 6882 13189 1811 16282 1529 10695 15273 2613 2247 11373 12332 9084 7083 3696 1694 16013 290 7155 8493 8463 14279 6793 2943 4333 15421 17926 3636 13357 8400 6405 15329 4233 4083 11275 17532 10156 486 12554 16820 10258 183 4783 2622 9089 10692 18038 6056 5331 919 10703 2877 13453 14818 8919 9624 3393 17387 13590 10774 14229 9049 3236 4344 18310 5236 16865 11176 18012 5441 7227 6929 11632 4495 666 14847 2046 8817 6551 11604 8318 10538 14354 1423 6028 3538 12068 1967 15763
4520 7512 2355 5339 5170 11941 15950 14967 3402 8870 130 2515 10259 3847 18388 15853 2023 1605 15591 7532 8392 3568 10024 14923 10663 17871 7876 6721 14002 8799 11993 11289 13935 2076 17941 6903 11856 9947 6856 2378 10409 6743 3767 17951 17494 9465 6875 6034 6022 10410 3902 4985 8490 13835 15439 18394 12682 8746 7269 13964 2217 2958 2336 13927 10426 6036 11820 748 11940 460 10209 11727 16028 17301 4338 12090 2121 8247 3331 16517 18320 2031 12310 16223 2091 3108 18128 17709 15163 16263 6926 8704 14493 12194 11701 15445 1162 10265 15010 8833 14656 15882 2655 3281 13540 5330 505 13109 9491 10187 17400 15616 7338 2165 15765 15230 5402 15269 17626 4235 2686 5965 13078 1483 303 3235 9727 10765 9698 10423 1227 17850 10517 15165 14699 4742
16217 4131 13844 2881 12730 15308 9461 521 16286 17176 15291 12994 15098 15608 4452 10869 1681 8274 691 5201 15248 6906 2963 4327 11038 11334 6054 14524 16824 14093 974 14497 1951 10834 18101 813 625 10299 14928 14153 4110 418 11772 13024 2830 18171 13059 3925 5328 14832 10852 9793 16188 8622 15266 8643 17028 11089 2611 14135 2913 3733 13335 1628 9179 14311 11922 7698 14320 15048 13276 17630 15129 2351 1265 4577 4422 8854 14138 17417 9137 2105 1208 11577 7542 6219 2035 7494 2808 13387 6745 17637 18263 11390 4862 9056 17254 8520 14265 4932 5704 2921 17504 9954 11653 4664 6592 6835 2822 1263 9489 4639 1331 10336 12510 9929 9366 2728 8789 6736 16398 9039 5729 13876 2016 9361 8686 8360 7386 2140 3184 908 4471 11159 3414 3844
10760 3647 14959 15722 5393 16215 7840 1617 4435 6975 7595 5367 13037 3978 13202 9608 18037 1882 10539 5382 5871 41 2010 6368 5182 14155 11797 2115 4610 1792 10956 915 4319 7066 12999 9 13215 180 13259 6059 4227 5223 1024 2809 2052 17839 7671 15092 5749 7346 10173 4383 18014 1589 10456 12871 16569 17502 2282 6947 3764 15151 7621 9518 17169 15286 12158 544 4146 5291 15003 18350 9925 7397 11794 66 6810 10781 1729 8998 9459 7164 978 4117 18375 6400 3507 1441 7679 11312 3436 4389 1287 1339 1084 14050 13502 10232 12680 6432 1077 13548 835 864 18045 1500 5478 14781 6834 16828 9174 7994 3793 351 3789 6577 2160 2045 9772 17422 6191 15623 9178 4331 1860 11555 7498 7422 7446 15257 17919 14408 5844 5986 13431 16031
8564 5959 13124 9477 417 8069 7437 12529 6679 5224 6388 6543 9875 14722 12964 4183 1541 730 9498 7623 11812 888 14022 15611 17423 1886 2073 1403 18120 17886 2392 7768 11757 12609 9122 14182 14727 5624 8083 4874 13333 7238 11679 4408 14736 13728 10970 2605 7452 375 2930 17162 6572 14516 6796 6914 14994 17384 4222 17435 5976 6253 8148 7719 5539 11841 17594 13451 9956 17065 3164 1705 5019 4978 10220 11783 3776 17759 13466 502 16274 7206 6428 6133 14487 11303 11328 10864 3899 15547 8261 15310 11497 2758 4908 4727 7444 6480 11178 13687 7506 15526 5112 17904 17558 13744 6982 10622 10764 1890 12427 6691 10390 17040 18022 1152 5475 7886 14648 10747 13092 10543 8877 11594 13899 8124 14412 13205 1612 13563 12809 10853 9322 9520 5967 1455
17632 2804 15078 3339 10841 4735 4395 9388 7426 1512 9097 1645 18003 13577 5415 16770 2492 8370 3179 7280 11022 15598 705 5389 16566 1391 11742 8563 18183 17607 2088 7003 10926 6121 1927 5628 9791 10180 7817 7767 10880 6429 1030 12428 7178 687 5 15585 446 3367 491 8350 9582 11665 9428 4951 4756 7784 10568 14157 17303 16442 7740 16552 8501 4916 2710 15943 5319 11832 6943 15596 5826 18174 6753 7112 7785 6666 15983 11804 11486 1414 9653 6829 340 4845 7947 6874 12958 16167 7236 8637 229 8340 17330 12649 608 1640 14129 17949 937 18458 8091 13145 15388 13388 17178 14749 8444 8559 1800 16491 14606 15695 13013 16362 18378 14757 15424 2619 8938 14517 6258 9592 14427 17689 14038 13144 4109 2000 4486 7198 11388 17323 14701 14066
18452 16627 8683 3953 4042 5221 3424 16376 10102 16840 82 138 5290 17379 4564 17911 15133 15294 3685 18209 15549 15885 9776 8313 1990 4242 16859 10181 11581 10222 15222 10554 4289 2496 8462 17795 18208 1783 8465 13714 14069 16571 17484 11011 15779 2846 11368 14525 14952 12772 1565 14880 15530 16470 1115 9278 15605 634 5818 17238 6549 10071 3714 5499 10613 13585 3553 1356 10798 10310 14160 3770 8287 15717 8342 13720 11994 2598 15560 11523 12980 12074 7323 13148 2671 7701 5952 11562 12439 6696 6308 15011 10600 17025 15773 6719 12672 2044 10408 3621 12128 7340 1670 7822 3936 9644 15780 10766 12335 2495 10460 2824 4372 5365 4006 6224 1422 14407 14028 9412 3059 12492 2322 4132 6204 1908 677 3943 14669 3820 7378 1887 16990 3441 15189 44
6403 10145 981 14196 12043 496 10635 3172 3613 18329 5887 5894 7547 2156 10904 9425 2540 10428 16823 14215 9263 7680 18107 8052 16089 2345 13162 9141 16423 14446 9407 5572 7598 13275 16631 17585 3713 11988 1465 3135 6974 13221 8043 4416 13093 12124 13910 9449 8692 6499 5717 3258 17164 4484 9784 10202 6519 4921 1818 3420 13816 7229 7258 12165 4839 4521 15586 12306 13862 7351 11970 14748 1831 10831 14198 597 2058 10115 14142 15503 15766 2090 6328 12392 8653 14108 7510 5167 552 3197 17462 13779 6172 3539 9310 17373 18057 12369 3624 17563 7067 7928 6196 16407 14576 9115 13877 13763 9897 12836 6566 15046 8614 10876 14552 5392 4708 9834 8807 8642 3721 2182 11460 14097 17754 15674 171 16432 11710 11751 5666 12229 6635 1240 15360 262
7466 3562 76 4571 2145 10133 5691 14399 13582 15034 1535 10828 6487 12721 5992 11964 6677 14374 12953 10427 8200 2341 4969 2970 9528 2451 5779 16481 538 8358 15606 7297 12499 17653 16663 2929 12118 5465 4271 12691 11789 13978 11344 2536 4061 14371 6948 2653 13630 3704 11246 9389 1870 13350 9687 1286 1175 5176 14176 12753 2823 710 5650 2602 15235 6722 16024 13646 15323 12899 12914 12596 17249 2931 1610 1193 8576 8246 10984 6984 141 12167 3680 5929 5642 6100 12543 14270 2458 1252 4993 18228 11498 4366 12425 13611 1201 8794 10405 5663 9738 14253 18141 3330 3996 15789 1170 12712 2132 3566 16579 17515 6621 7675 18125 14802 11920 694 2394 9153 16402 9932 10606 145 2952 6497 8855 17241 1590 7064 11837 3845 12102 11845 6485 2092
11106 78 7411 11114 10037 6939 13759 17834 8500 9510 2657 6009 15447 1509 3410 7069 13201 14951 9596 9783 10625 459 12852 344 1025 5502 1195 985 10267 15109 18401 7923 11785 8771 13772 859 13324 10366 2318 4659 5735 15453 11385 1093 4648 8866 17157 8315 14330 5504 10040 1773 8031 9567 13183 1137 5263 2558 12695 8684 2827 14768 7551 13401 16716 14001 6445 2361 5636 9904 9320 7013 12164 510 5652 3593 7379 6610 5144 10035 1649 13699 18377 13409 2858 10821 251 520 9146 15241 3248 8778 8770 15981 927 1938 6120 14292 17495 6346 17625 5459 5626 11514 12503 9194 12579 6406 9815 7091 7617 1587 13051 9340 10998 4910 4373 13100 4100 2232 5972 11898 5054 11410 1161 1931 6007 16029 7681 2427 17807 15053 14627 18303 4477 1726
8429 3476 15841 711 12044 16983 8952 17985 63 7204 2455 1719 3588 17473 11109 9443 15902 15095 2479 7778 10501 11545 16393 1991 9117 13021 11211 8090 9730 6092 14534 2693 17325 957 6995 8192 235 2719 17309 17266 14820 1141 15481 4325 18328 6964 8391 15115 17775 7591 9486 10704 7235 14384 3687 16420 9916 5419 15084 2284 11126 9250 26 10305 14649 12424 9026 11843 3614 17732 6333 9737 14286 8550 6246 1452 17212 1770 1848 17622 17855 17692 8506 10430 17239 7779 13278 7435 9673 17113 2502 7439 5416 11518 11013 17731 4819 17172 10711 16733 13733 8588 6316 15698 10243 14616 6045 11849 4596 6559 17057 15444 8742 4767 13554 10730 3002 4138 9162 14953 7831 18131 519 10342 18277 8672 14092 17785 4806 10468 5196 12390 10928 9225 701 5440
2167 15559 10153 6660 3718 15650 5836 11699 16080 17372 14344 2821 441 8483 7549 5195 14191 9537 13833 518 8912 15022 17882 6564 3413 16832 5297 5510 1207 1508 9905 943 9948 3853 13365 754 3401 1211 6831 4720 3959 4905 1145 18470 6688 1128 13142 10614 5824 16150 12436 2991 4684 7821 15601 466 5961 12426 5579 12105 9496 11284 12806 6851 15397 623 17877 7271 15984 6387 7343 13169 15564 3834 11482 16512 8084 12474 16737 2750 16078 18492 15172 17703 6077 7266 16074 8132 4900 4804 764 5991 11463 14233 17063 6438 16474 9156 8954 14014 3980 15440 6937 17030 7992 17948 13396 17363 10247 11459 5722 16775 3974 14167 13286 339 15687 12008 12177 8560 5445 11705 6998 2545 17036 7868 15366 8390 8727 17066 12358 9354 17664 18433 2944 16018
7772 8585 7676 13125 842 1642 4288 3499 16137 4763 13255 5861 3415 9201 6307 11867 9313 5534 14490 792 17793 1302 17349 379 10485 7957 6094 8160 2784 16922 3116 15960 4764 8325 12186 9843 6304 11277 9797 17358 9163 2374 1613 7912 1404 9886 14728 3641 18104 8607 10112 10975 248 16558 263 8032 5086 5845 5767 13307 4135 5397 9805 5731 4774 1807 16256 9899 9982 4443 7449 15739 17294 17394 12123 7574 7023 7945 16597 18399 2850 8303 286 11541 7898 560 16637 12591 15643 5129 9835 17360 13825 4028 964 17272 13806 7846 17540 1399 13488 4634 2953 17940 9748 9818 17562 5795 10387 10234 9324 4 13632 17365 8836 6096 4616 17636 16181 8093 7588 6891 15242 909 5874 18152 5517 10321 17311 14376 8331 762 6502 6850 11132 15501
18078 1856 7195 12642 5021 14632 2387 15164 15658 3962 5670 9594 2398 13656 12489 10471 4259 18243 14915 2964 9827 6062 6770 2390 946 12525 6351 3906 11111 15152 16314 16132 4526 16847 9884 3358 17838 17082 6071 17438 15785 3311 1520 17125 9255 13106 5306 3257 16881 4007 12524 13580 6667 12360 4696 15835 15489 6097 2795 6514 16546 6326 14675 17645 8756 14012 16379 6396 17763 5158 143 18175 6697 11927 8574 2497 7935 17350 3839 14091 10281 2139 6740 14778 17220 10737 13904 5488 9707 7295 16570 10496 8458 2051 979 7811 8631 1239 9530 7131 8468 5037 13073 1920 16719 9648 10042 4747 16939 17865 12095 9192 13738 4243 2703 17837 16838 266 3769 2688 11801 10313 2325 13052 2734 4208 7157 10103 14962 4573 8831 9831 16395 18036 17856 11230
1976 11822 6870 8694 8878 10805 9990 8194 2417 17368 482 7560 11421 11056 13232 13240 693 9968 17695 365 16208 8722 4057 16836 14201 16845 258 9420 7870 5960 2446 9336 1459 6391 15755 14189 11593 8372 7584 1655 819 11100 1844 13653 10680 17361 6491 2155 13860 16136 8592 8003 15229 2179 10761 18067 17552 13894 10784 8797 787 7136 12521 14025 6207 13443 9551 5997 4217 11677 5763 8591 11128 10799 7798 11467 2375 689 11477 3935 7949 3032 715 16863 10963 4157 17939 18161 10200 13688 6140 17151 688 3954 9451 6758 16050 14586 9161 14258 5514 7047 15639 2526 9675 11470 2937 16049 8146 203 17042 16572 2137 17122 13821 6782 16537 11123 1428 2177 8111 15099 7001 99 9213 6952 7228 1505 3917 8936 5999 13105 16201 1444 17475 8271
17034 14730 148 6182 15705 13438 15132 5087 17016 591 16386 17069 2175 12348 11248 52 6738 4741 17103 8788 15187 15337 11091 18438 12851 3537 672 6609 6118 7081 8867 2948 1801 1362 10231 3819 9334 17184 17933 5633 11796 16892 10888 2465 6107 5612 15874 13757 2038 9072 17250 158 4091 17367 9911 1389 12880 15249 15080 10690 8264 8123 2778 13010 1090 16760 2723 8165 3617 1517 5004 15774 7115 18122 9086 17091 8193 11511 16562 3582 5733 15435 15136 6626 18246 15145 11643 7264 8181 13736 1177 16339 1460 8555 7142 2522 1614 9499 3717 3587 16068 17017 18223 4009 13309 1275 17481 12100 3127 5493 3103 6812 1902 13637 7319 7744 5857 16187 5462 4968 14916 4260 1816 13697 15466 6462 15216 9316 17270 1466 2557 10359 7226 7267 11335 2368
1949 12592 13589 16636 14806 10480 12940 16816 9773 9630 7133 7987 5882 11850 2291 6275 2700 12877 4854 7222 11125 12587 10544 15871 7901 4202 7313 42 782 6091 8117 18044 1374 4580 17260 4928 13983 12889 9988 9288 13006 17743 3112 12981 17700 13015 12921 12471 18427 17008 7635 4166 10058 5879 6923 9455 15227 17292 847 6298 10043 14261 9025 16588 16531 8141 3216 13672 8156 11590 10465 9418 8730 18457 6202 4350 9906 15778 2566 10584 5854 5408 12117 7847 7568 12236 3905 10641 6654 2385 293 14653 13116 9854 1781 12497 15207 12013 8975 8189 2999 6067 8982 8230 8416 5163 5884 10823 7955 6510 11953 5746 1588 12825 2740 10771 15116 9242 5778 6504 17444 11709 5571 13838 8361 6 5678 9132 11384 1698 15528 15314 12069 16525 9022 9308
9993 440 1238 7077 8446 5780 12758 11199 3360 17458 14471 3226 17216 9168 5114 5690 18445 12961 1342 3585 9577 11722 13800 16288 7801 3376 6230 4499 6358 2462 8057 4974 3916 6064 366 11345 12847 2709 13569 16312 13799 9967 724 6119 534 13495 12210 5620 16374 1336 9337 13241 4074 17313 4044 54 16711 10312 10011 11001 17674 13361 15384 3911 13368 1436 9679 18077 13869 4186 2338 17084 7029 15429 16827 7980 8454 15968 4176 11094 2574 16955 1490 5009 2968 16011 14937 12567 1708 10205 6692 8859 14013 655 12397 4791 3878 5881 5707 8368 15924 697 994 8675 5748 2302 11268 4411 8805 7117 11201 16560 13873 4134 14179 6496 14492 17890 8284 1926 14746 17123 8824 8840 10443 8149 18396 3726 14024 3307 7614 11175 16587 9028 6501 4375
7755 14609 11640 6156 6756 17975 6093 8533 12564 16054 12957 11296 6533 12744 15936 1320 13474 7582 17371 5923 12249 1616 376 6792 17328 10640 4056 6811 14262 11364 35 12987 17430 14303 7254 3966 5791 3701 15064 4896 2673 15744 973 18384 4318 16809 3001 14210 11919 3247 16186 16193 14589 10512 17892 6312 10675 9158 13830 14900 9245 16337 12110 7218 5762 4487 1119 15135 9196 12702 13995 10842 11606 9210 2386 1644 5950 4501 5358 7299 15854 4266 9740 18132 13521 12166 11731 10358 2107 932 18288 18407 10898 16460 15097 7514 4476 4553 13572 14044 15401 8869 2030 5968 17214 2171 13452 9702 8958 13943 12989 18326 10329 6148 8542 8399 8110 6857 16448 4094 11040 16270 8886 3375 4111 6771 17024 6235 9986 360 12588 784 12277 1885 1402 3193
12622 12886 7103 8408 12065 3119 17825 13547 7762 2213 9826 7128 15652 16144 9226 9659 1871 14500 15369 5267 9823 18046 18124 13192 9003 14425 12292 7651 3106 6616 15862 7502 1677 9204 13407 3282 10483 4561 6778 12685 6908 6440 6135 7175 9043 3729 7056 16593 7863 5067 15452 17282 10882 15372 5699 18488 14512 12849 911 14827 9450 3366 9074 9347 16289 10968 8249 3473 8044 17339 1379 2516 16977 15141 770 4199 3643 1623 9282 4976 11423 9397 1784 15928 16842 5439 1032 12523 12698 767 1205 17415 13301 9841 8688 503 18121 9099 9065 4738 7815 10527 1958 12083 12941 1386 12285 1258 2469 2559 6112 16738 16203 13302 2474 12453 3004 15404 5148 7111 17421 11942 17684 7724 3650 885 163 9760 13533 5841 7678 11962 15342 18082 15914 8460
17729 16012 14526 16698 2581 13985 901 5687 7306 10858 3273 2481 17516 16621 15162 1674 7284 15593 4930 12305 7190 2026 17381 9734 5385 377 1515 15762 2903 11769 726 7219 4075 4656 455 1276 3262 12777 5079 13303 9009 16242 10943 7586 12879 17171 5900 14398 10144 13675 12297 16258 2979 12887 10016 11539 5501 18024 1127 4455 2984 4608 9037 6239 9610 16126 18496 17366 10768 2893 1089 9182 1472 14452 11502 1525 18123 14360 18129 14218 589 3984 5279 221 7404 17456 4904 17631 7485 16216 2144 13143 2878 12752 5253 14993 17011 18206 506 15173 9364 12313 4102 10060 5703 4811 14159 5995 16848 1184 4508 14466 10775 16308 5452 16347 9756 11224 10150 6088 12060 8755 1889 2658 9623 14132 11329 112 5159 14876 7557 142 7874 15371 17375 4464
8534 14839 2530 15395 14765 5603 3177 7354 6382 12906 5529 16421 6541 18248 2271 16106 5089 12952 13197 11928 15473 88 3392 9761 10099 515 15986 15904 154 17574 2409 4150 16044 14948 10873 5696 599 18068 5702 18323 7430 17635 11134 14359 2489 13847 6210 5387 15101 1489 8280 16559 15521 12530 14103 7321 1746 12742 10278 17537 14515 1153 7211 15365 14977 4351 15602 13343 11776 10164 18053 8586 11243 10228 5656 6455 8710 4278 14853 2625 5994 17116 8409 6863 2113 16065 14294 7619 12099 15982 11200 13475 8711 4547 4188 8225 3894 4692 10378 4450 1780 2224 6414 14004 5594 16616 210 14893 18205 18349 6289 12092 16280 11574 12938 17792 4897 15818 313 4599 6818 2416 4960 16681 16628 11610 17818 4931 4030 1687 13367 1932 13649 12096 6053 7438
16055 3619 9338 13819 4823 9370 13487 7640 15749 9976 9453 3214 2880 5979 14116 1914 10519 7589 11244 2586 6372 10594 17253 6356 478 1385 5875 15491 10620 11015 8529 3901 14124 15578 1231 15922 16182 4865 4496 9777 12289 4064 16513 17059 11607 17056 7208 1549 14867 2669 13784 9456 3353 3321 11918 3606 17106 5371 15496 58 9059 2725 17560 16535 15483 1873 13635 11997 4939 4363 3470 5317 1810 12714 11409 12732 10547 7753 2326 14678 7689 15414 6776 6896 4680 7405 6511 1476 5278 8835 6681 14369 9809 1690 14938 36 16244 5281 17544 18474 643 396 11204 16043 18169 9038 14717 844 401 3426 7492 15192 16679 17321 8279 7507 12633 13965 7605 3442 13084 3734 8623 2871 1823 6450 8005 8233 3581 17935 13245 7008 10681 2340 12566 16350
198 306 6608 3142 16496 15887 7210 11008 14585 2505 3546 18265 5711 3956 9844 7984 8977 14990 15019 1988 381 5072 12945 6573 8484 1861 12308 10871 6678 9353 10397 15425 8899 2782 12143 13729 14101 665 1325 868 12539 14808 3607 3758 15786 6334 15486 3589 7527 12776 5487 9974 4456 10119 2352 1969 10346 12782 1431 14883 14568 12122 17738 17641 2504 13971 3869 7223 15791 15195 7867 15358 719 18166 17546 17160 14039 15704 7058 12265 10018 7246 16130 10110 4215 10881 5305 14972 16027 5592 5621 18018 2517 10874 18105 4282 2826 17672 11306 5646 12959 4268 12025 2117 11711 17225 13908 5103 10306 3723 4329 15411 13734 9055 12362 2444 9891 13848 17208 9836 16048 5429 101 8801 17907 5531 12319 10308 570 7830 15140 10817 4871 8584 3533 11526
13879 5232 731 5127 5925 16305 18313 18361 16928 16779 17737 18148 8556 12286 11466 10932 9519 3453 5479 10529 9021 14628 16313 8423 3872 9943 9207 751 11592 4847 5934 11537 18070 14514 11083 3224 17342 4510 2085 9848 15067 10915 11320 17045 9136 15074 14981 1442 5309 16486 489 9605 8396 3816 2418 16225 3983 6674 3510 17750 14999 10362 2012 10242 7145 1865 8547 539 7231 3645 16880 15512 17980 1109 13719 11131 13509 12986 10331 16500 3506 7884 18232 2480 12063 16914 16905 15754 13254 270 15802 10643 4665 12040 8393 10773 7695 3939 2215 2423 3575 11897 5483 10713 3086 16643 7715 2376 13878 15441 3011 10044 9733 18367 11676 8122 3549 15855 5848 1717 922 6271 10413 10946 12230 10560 2524 11954 11221 9044 16355 15146 6817 4101 13795 18001
961 14178 13984 14735 675 13592 16087 13305 15604 17479 16206 2436 3985 12398 5496 4312 7511 795 3437 14314 3169 14702 11565 15359 15906 3329 13272 5827 1979 15423 16366 14779 16947 1435 16657 12352 14375 16639 15808 18460 7114 15653 15348 15343 2183 9345 2447 17426 11572 4926 189 10015 9048 4090 5680 6451 13027 14577 13527 17019 12222 4177 523 8883 14670 17900 3263 1571 13668 4491 7657 8963 17863 3690 15430 12115 7659 12686 11071 17802 562 2211 12385 14591 10333 2773 5576 6887 8940 12048 8798 16958 16659 7524 11609 17442 5810 28 9193 18289 17691 16769 8682 4104 965 348 14869 14636 12827 16575 17431 14710 1544 40 10732 1977 337 13420 8761 2762 7108 17541 17751 2639 15523 497 16940 3543 1854 4826 2529 12620 13863 11400 18191 17586
2430 18079 6483 10352 3351 1477 17920 574 11536 12449 16318 11894 9341 8474 343 11890 10827 15746 8911 8942 494 7763 14870 18236 10947 11614 9118 157 11828 9258 1758 15213 5896 9142 8451 4474 18413 10239 16864 676 723 2268 11476 16394 6899 8894 3583 9703 1259 10285 16625 1351 8094 4901 9529 11825 17004 17099 18333 3229 18013 12107 1516 12268 14273 2805 703 3852 5071 10314 11808 6709 1243 13555 7878 17383 12664 657 13234 8175 1189 4857 7809 4469 2435 4226 5091 9924 471 18147 12715 13924 2764 15628 7237 13485 10550 16010 13043 9040 370 2623 4454 15595 5310 7011 9952 5340 15026 10023 1548 12699 4761 17015 13602 9542 6781 4706 17811 8852 603 9555 18102 5938 9339 15642 5730 14140 10609 6755 17533 7971 17081 7158 16488 14027
15049 4782 611 18167 14247 10246 7889 11519 3143 7829 17891 8375 7053 15929 647 11881 8437 18409 4316 6580 3931 6269 8387 16277 16660 109 7910 16803 14579 1291 5262 3488 13514 5477 16508 4141 13824 15911 14143 3661 5901 13173 14049 17981 8260 10453 7028 4879 10151 14780 14276 11164 10944 14623 6134 11255 13271 8804 3530 17894 1751 8182 6492 6544 7315 4818 16202 4080 4005 1867 16800 9144 15406 6020 4481 8827 12054 7200 16156 14239 1669 13664 6676 353 2141 3021 14450 8571 4689 12575 14810 12132 6583 18160 12565 7201 2055 14404 15320 1804 4623 233 4989 7336 9240 15813 12284 2153 12476 6409 7073 1832 13807 3879 17590 9199 11730 10791 7812 14439 13360 8278 9959 14527 1715 14898 3202 2148 7855 2835 3301 5250 2329 17647 14815 10551
17429 17966 8780 1539 14405 10672 6909 16915 774 8389 537 106 14607 2715 8417 13655 11449 7293 13289 1426 10740 14854 6537 17845 3596 11168 16668 12555 17697 7616 15673 3355 13298 18304 6321 9852 9230 4384 11621 1008 1906 2276 7567 9525 17455 12917 4529 5109 17109 18113 18106 1901 3992 3571 991 6598 12612 10883 8594 13832 2158 11646 11790 7332 6283 15264 931 16895 481 17989 16781 18403 7234 12342 17488 824 4273 9110 6916 3090 8328 8811 9032 7406 8597 1789 15694 13853 5543 2600 15455 9227 2461 1532 13412 13782 2575 2218 8036 9514 10107 18195 16568 9268 582 8635 1294 4724 14921 4705 8953 9180 11074 6203 3784 11455 17231 12894 7104 5799 10720 1911 16532 8986 15144 2500 9691 17782 12925 12784 18479 9289 16060 5012 15250 17153
2169 11314 531 5160 11587 11661 2448 834 17991 14347 8238 13762 18073 3611 16294 7580 17530 10582 1604 16245 13859 16302 9151 7480 11163 2954 17464 17556 17772 14110 14935 7455 358 2129 9106 13700 11417 12430 3454 9439 9293 5507 3066 1192 7460 6942 15691 378 5342 4970 3466 1043 4658 9093 15336 10595 2089 4736 6653 13901 2663 18465 7664 16582 2541 4733 5948 1695 7268 6187 15556 10689 15341 2615 4000 682 8921 12927 8113 3659 1269 18425 1519 10338 407 2134 15577 7540 17858 8306 10147 3129 8984 6849 8292 11729 2799 16352 3431 309 9802 9073 5605 4988 18373 651 8131 11062 6129 10439 6500 9306 7843 1724 16408 12333 8471 6144 14842 1955 2729 4938 15477 15375 1250 10738 1863 10074 7035 6052 17499 15551 5013 17670 5007 8127
12206 16328 10839 18009 7538 2513 16310 16862 14346 3809 13196 16726 5451 11564 4459 10237 10875 2397 7356 6254 13351 5302 17428 2947 7632 18229 11147 1568 9467 11513 9130 5173 4855 5083 8687 1946 6704 9766 897 7493 3081 14499 13127 4880 3928 48 14554 1899 13156 14367 4780 17932 17107 6080 15747 11737 17908 11655 7602 10721 14650 3937 13163 16033 11575 13354 1214 8006 383 10197 5121 11063 1766 2204 6263 14465 14334 13883 4518 5575 4106 13515 16148 2168 16467 15630 13612 8213 671 12331 9732 7969 4346 3952 17676 13130 3900 5987 16262 1473 5851 1091 16226 8254 5892 7558 18178 12225 9405 7230 3994 14234 6072 1484 4795 11116 8373 12528 17601 16645 6517 9100 10862 17517 10211 10818 13658 8020 9647 16406 12711 3405 15306 6607 7953 7102
13979 550 17822 14805 7007 3715 8604 2034 16879 1281 6237 5137 167 8803 14410 13529 3559 7629 13415 1230 9123 5218 1834 17748 13379 278 15166 14608 13149 5843 17774 17493 1200 13639 2100 916 5325 9373 4250 11438 3290 12002 5035 2787 17331 16415 9719 14879 11675 9102 3550 11685 1224 7839 11166 4554 2853 8097 3186 1251 9578 5755 8074 6315 11377 5522 17880 1154 11749 14704 9876 14394 11037 10714 7461 6960 318 670 8633 7423 14413 13998 2573 16269 5386 451 6280 16801 2630 3411 9680 721 12207 2737 2928 6553 3599 5227 10570 16735 17295 10138 12781 12511 6176 16835 10000 14077 10552 5747 7185 14719 15590 3960 14397 6076 10977 11637 14625 10403 8464 9246 14931 6341 11308 1980 10033 18063 3667 3912 14053 17952 5627 12104 11902 7693
10419 14268 16831 10526 12302 11481 12722 729 1791 6921 6767 3945 17226 2275 9602 12990 17261 5181 16072 8359 9571 15396 11579 9256 3243 8253 17076 17946 6146 17467 18410 2946 8826 4586 10068 5188 2362 4328 15794 8825 14582 5014 18486 13557 13604 6876 14225 16599 5772 2828 14913 6110 3390 13370 16101 7939 9015 15472 10168 12950 15832 13424 12237 3136 4779 10886 11464 17305 4965 2405 6716 153 15985 458 15579 2714 17388 3542 4418 65 6590 15225 12053 3109 7745 13491 8570 13605 5092 6585 4276 14580 7914 17156 6032 14358 1504 16422 558 11413 13248 12728 271 9614 6205 11525 14212 766 15758 14075 6392 5470 16440 3797 15635 8098 18234 6282 6683 16336 3253 10459 9012 5659 17791 13478 9377 13422 17786 8102 16275 8628 3487 12093 12020 865
7148 8161 6762 9796 2298 10731 16954 2278 7283 882 9792 1598 4996 1788 14164 5793 12515 15719 413 12505 7277 16233 9167 15131 14655 2125 781 16772 17508 7010 9067 10337 9317 2039 6648 6281 6845 13737 13227 2861 12935 17233 7152 17498 7072 6988 16875 17643 2348 17452 9699 2223 2842 3811 13058 1736 2315 3868 1722 5248 10811 10192 9350 10665 7428 15122 8220 1306 13940 12361 13765 6794 567 17078 3052 8603 2638 2780 8944 12180 7484 2884 12774 11669 16334 3489 1884 6174 17190 12824 15493 7958 18383 15186 16057 1071 11734 18069 15300 3286 11122 15012 9913 6484 5532 5432 2973 15815 17334 6408 5401 7634 13638 3558 1366 530 10072 15667 14045 13020 18332 8941 12576 3477 15566 14836 10495 10054 2187 4127 17296 245 12346 9645 15711 2785
14844 6425 3293 1561 15838 2230 3478 18352 903 2249 9964 8 16229 9816 6526 15957 14614 10914 18207 5743 3362 15669 18180 10108 9669 18197 6211 7482 10706 2473 18316 1471 17247 17829 3035 12371 12179 17660 2007 3356 3806 9599 14084 17514 13785 10098 444 17197 1462 3474 17603 951 14174 4193 6458 9083 1837 8955 17593 15316 16435 4816 3909 3867 12929 16932 9184 5011 9277 15768 16578 1176 4790 9626 17202 1171 11273 16771 4668 4294 2582 3876 12051 16219 8143 12668 6154 492 2731 4427 9785 11999 10450 15285 12279 5198 3677 1566 9696 4775 17242 8066 9612 14165 8288 7748 5199 7408 11069 6270 13786 13049 8665 11748 2608 798 8513 2404 15894 3712 9861 9556 11986 16426 6953 12135 1950 6589 16688 7613 13691 5766 50 11966 11739 14558
10420 3855 12085 9515 15083 852 16768 18254 9283 4232 9715 4391 6859 3050 3012 12740 5985 7156 4051 2562 14491 9138 3702 7071 6023 4147 11615 4324 178 5241 14130 228 17687 8541 7055 8240 10032 12975 1270 11441 3554 16329 5832 16466 7988 17037 8714 8187 17627 5233 430 3450 11191 1179 5798 1368 13494 3068 10725 17215 17618 7653 9779 8485 4071 11879 9951 4200 13094 9754 18364 13187 10210 12278 2668 4365 13814 600 4096 9473 17440 7105 12788 2533 10199 3757 16172 7686 10177 13843 2095 5921 15888 2082 6099 2157 13402 15373 12517 498 4523 8333 422 13678 8499 16754 11768 5829 4008 2166 8593 18449 16545 1394 596 6799 17718 11707 13949 10604 4016 7196 17009 8677 4947 1206 16877 8338 18135 9129 13199 8613 4633 380 11782 6292
4257 3491 7918 6765 11580 1585 3180 702 10687 15733 12462 8329 18472 13137 13511 2488 8790 12518 13962 18351 15777 9840 3185 11506 7125 6361 14724 12798 11664 13030 14065 9590 13895 8650 1570 3173 7288 2751 15428 9739 7065 17228 4175 15748 9868 1365 16683 12401 11745 2568 7684 11408 5252 15100 12259 3272 17087 14203 9500 13770 5906 11875 11706 17588 7328 1727 8320 3725 6019 4015 5234 2992 14601 18111 1850 16524 13522 7341 743 12490 4631 7051 13769 14922 16483 14642 7392 7471 8403 6750 6286 17974 16209 3787 17432 16295 3044 15750 14453 17615 18491 10121 9430 8662 16104 13132 12868 5897 12821 16008 707 1305 11202 1744 1458 10921 10734 2443 4205 11540 15796 3891 5346 7463 345 12520 9147 4848 3951 465 4216 3010 14431 3633 2078 16086
15868 11645 12677 17680 10800 261 13982 16293 16923 8076 17264 12125 15735 18042 15150 14982 9857 8478 3107 6300 9566 16019 85 11638 352 12741 2062 3409 3313 16032 17486 16759 7731 7143 8667 7541 3637 8663 1134 16632 5315 3230 4296 12191 6855 8885 9814 11889 5467 5880 3435 7424 14048 13264 5935 9752 8712 11349 6757 5753 8744 13841 6806 2708 13953 4794 1514 14071 5094 17027 10629 11659 14041 14841 13349 4403 2330 55 10945 3296 2699 13214 18151 5964 2261 3605 13787 13893 17693 2563 9429 3535 10190 67 11374 9463 16384 6591 2591 738 4478 5786 13320 5174 13455 7445 12251 15912 5249 13005 4314 1633 6413 15159 6401 1244 12639 6040 8285 17598 1221 10078 14997 7587 17665 39 1881 3058 13026 9355 14496 17779 11405 12551 12943 12760
8125 14402 12269 3866 14996 5705 11961 3037 5555 5099 13075 3217 4643 2612 3501 3778 10279 2995 11110 3570 12872 4784 7270 2553 13317 13648 5561 6805 1069 9873 4397 10269 4255 9775 10191 15967 2264 12757 3948 17510 5847 11484 4126 10424 18188 7797 15809 9075 4542 4754 15634 16385 15916 18432 13329 18293 6840 17345 12420 3976 13441 12717 2040 3134 16377 8190 11735 6775 2873 10225 14737 6623 367 17523 11018 13975 8568 17913 9183 17950 2253 11619 14202 4532 10010 13340 18426 2643 4831 11117 6836 17085 820 1378 12580 8469 7286 5088 11893 14109 12199 14474 12457 6449 18190 11286 2441 9693 17320 14600 4558 9966 6707 16626 2288 14372 8135 6081 6050 2578 10708 13994 1820 12766 17154 1037 16606 17522 5269 12070 3745 636 7457 2876 13703 15529
13575 6636 7016 12072 12604 18184 878 3094 6295 14297 968 11778 16998 13868 1420 1054 1657 10627 15252 16434 13621 12212 14679 11207 9838 1079 4948 17032 1015 15666 277 9474 185 4579 3859 5868 3849 9717 15830 6395 1827 12690 9103 2806 11265 4489 7278 17332 4725 1992 12041 15464 6786 8646 11771 2412 1835 14137 10910 7802 14759 2184 14715 11826 13483 17934 8505 1841 10972 1557 10421 3998 16903 14934 3189 11067 15713 509 10997 4178 9441 8785 5206 5565 10425 12478 12023 5437 13669 10645 7109 122 10616 11150 8644 5404 3756 11680 13666 8281 8348 9436 10182 10253 2303 3862 3323 17317 15177 14725 15334 14321 16728 7838 11840 4620 3097 5833 7902 7559 8668 9660 12021 8969 11412 8163 15050 9637 17389 2170 1100 975 8136 2494 6393 13263
14889 2652 3076 10891 10985 16190 17710 14087 14910 14475 6030 9300 10341 18312 9047 2674 5953 4194 15910 17356 11381 11753 11142 2648 2938 16785 4485 9658 17535 6082 3932 9503 9616 10632 8096 7609 11309 10949 9000 12437 10567 14873 7732 10013 15387 16633 12719 4789 2546 2408 4160 500 10792 16981 15008 13913 627 13645 8857 5573 9603 17963 4376 533 17685 6098 3175 2050 3400 9893 12149 6637 7789 7810 2486 9676 11512 16278 9600 3314 15469 10885 17835 4649 3150 16296 11029 7631 3892 668 2304 8849 6708 5146 8455 10449 3652 8525 11043 17454 18212 13608 17353 1603 9433 2316 17917 12832 5118 17794 13014 8960 8112 6089 5113 2393 5055 7080 14983 3266 14485 2610 18058 8101 1164 10746 16138 3656 6615 12874 7520 4206 3888 16004 13190 8087
7126 13121 6038 11287 18181 15940 18126 13505 11869 12097 6861 8018 15615 2011 12569 1185 13662 899 15992 11589 8702 10038 5208 18302 7941 3720 7842 1993 11971 13047 6684 16178 11503 4180 4875 2272 8800 11866 8415 230 2736 13198 10448 16271 9462 862 12656 11626 15043 11042 15738 17669 8343 8757 15009 105 14998 14128 12936 16900 9620 9234 18040 13155 17996 13689 9041 16166 59 15208 14403 11798 10176 13535 12272 6554 3831 11447 2945 9155 2499 10275 16111 1595 13128 18469 6278 5377 10548 3053 18371 17910 6350 7276 16694 759 1847 5756 16665 16812 11857 8204 2198 16093 8395 16179 2561 13917 4911 8298 9212 12700 7931 15246 16142 1381 517 15058 12634 4552 10878 16706 6087 1513 7521 14518 8436 13704 3838 4650 3096 15866 1354 15553 2839 2130
16191 4431 14890 16764 4955 14548 7603 7242 3227 5132 15665 12908 12017 1419 6920 1242 108 18296 12885 13726 1739 7859 15059 5556 2704 15324 13539 18343 2793 8480 5257 5963 5606 14085 11959 6815 13808 15850 9305 7908 2367 17138 11625 6043 8431 12444 814 17286 4337 4838 11543 15760 10236 5674 12376 18382 2014 6639 16079 9631 1526 27 1936 16912 5300 5661 11755 11231 7566 5334 307 17397 123 5100 5230 2922 14641 12357 15024 18221 10142 2236 7746 2063 18380 6342 18016 592 9874 6650 3646 10063 5456 10753 16882 9071 7519 11356 5407 5399 2197 315 8605 15903 12416 14325 3603 15955 5363 3738 13151 3288 13470 2067 9586 187 5933 13035 6318 12831 8583 6376 11885 4902 11399 16214 15259 10688 8895 1716 5546 7262 4388 4185 17007 4694
8606 8961 5724 12705 10481 16699 7907 10896 17899 3711 12840 9839 14267 18065 5316 10662 9668 4984 10377 11090 1347 7738 2025 2724 5046 6220 10569 15403 7961 11719 11816 3511 17501 2400 17595 479 10315 5254 4341 1959 2442 14473 14035 1900 13391 13358 11865 15211 15971 16380 13912 12493 10631 4728 12912 12589 2886 12863 1872 1241 3372 11762 2274 15524 7515 12204 4239 9507 16960 576 15217 10694 10398 14501 2126 17655 13593 12838 3648 15629 11457 14305 8272 8433 17902 2534 16241 11944 6601 1392 2967 10328 7239 115 220 3548 6746 3072 16021 15926 1799 12544 7530 15106 10266 18347 10668 15931 16158 10170 17575 12059 1003 4272 421 9845 11656 16456 12276 15707 3840 2860 13903 11387 14206 16629 4903 2237 11386 3228 17584 3858 1160 4423 917 5327
15279 1261 5040 8927 15550 7303 4753 6378 6353 6720 13359 3118 11716 7475 16410 8566 15410 14706 4870 5343 1774 1843 7596 15732 14523 635 5596 1971 268 393 11082 16141 13915 8170 2722 13676 8841 3412 13634 6830 5744 17240 11647 18436 18372 4533 790 10860 2679 1274 855 17061 17800 11602 6330 933 3457 17815 14119 10332 16041 2371 9749 15508 9728 5842 1267 13028 10749 11720 13041 12763 15554 18444 13016 3773 10499 7050 13294 7041 14288 4332 12630 18448 11079 9558 12196 17335 2071 4223 14462 14593 17521 10887 15220 12882 3871 16837 16391 7708 8166 10576 4099 15693 7194 7387 17557 1120 1188 11272 553 6218 526 232 1928 18182 4612 7418 6252 6877 650 16980 8989 4034 7667 12720 10454 10767 16396 4863 2907 11688 350 3015 14978 3125
11097 14671 15788 15261 10555 12504 1475 14940 1194 14197 5876 3746 6594 4750 4590 1540 15847 9053 9910 4343 14904 11852 15268 16920 11473 18039 5675 15385 5226 1191 8674 4374 5141 15399 1634 10879 12583 876 10298 12734 12535 11358 6232 4032 10750 11544 9978 4156 7366 3590 7862 4446 6814 2902 14721 462 11403 10069 17840 15730 4264 15989 18080 832 18200 15991 14184 4566 166 9923 18215 83 7389 4052 6520 17406 15417 9270 11072 12557 9309 3151 7380 3519 13184 6879 475 13996 6291 3064 14783 1000 8034 8964 10117 18047 8430 297 7021 6083 17956 14617 637 1292 14932 7331 6284 6732 17129 6465 8045 7364 13550 2862 16221 13682 14763 6373 3225 10492 8421 11471 674 15852 14420 6658 12946 17662 6075 17639 1148 13944 747 3860 8765 7513
15139 1361 15062 990 6990 12919 3242 17876 17847 6748 15234 13097 15270 794 6201 8369 15723 13967 6475 16417 10865 8783 7525 11436 10654 11949 13933 9842 10286 8255 7333 12461 10591 4892 1981 11165 13650 9720 8813 11041 2590 6447 14111 10257 6869 1973 13019 12126 9171 256 16207 14622 12192 9961 14799 9413 3391 10960 3946 15781 10493 10803 15540 9219 7381 6024 13134 6145 14422 14226 7816 146 6116 14731 14494 11051 11811 6961 16047 15670 12224 5736 6706 17351 4589 1107 16502 13038 1357 9495 17539 2906 881 16843 5754 6150 4040 15848 9591 8715 1042 5313 9094 10008 1857 7505 9368 10183 2142 18376 10995 9989 4182 4073 16731 4142 9318 16243 17177 5149 10052 4128 6377 16709 13426 6149 11480 11439 3156 4682 12410 4654 12475 18421 13330 4868
3861 3688 17589 14089 1031 1960 2556 8902 86 16696 9394 14598 17734 12355 8561 1219 1424 1794 1140 3691 4773 10445 10161 10297 8926 3238 10757 14469 8450 3940 15979 1769 12182 14774 14329 13297 16152 12967 7790 15580 5520 13188 18411 12052 17427 8923 7095 18255 4749 17441 6084 15581 13377 16686 15647 11909 17288 11670 424 8242 5566 14204 7535 10172 17086 461 1748 10598 4065 10224 16930 15999 10389 17312 11217 1855 8658 13064 7774 13332 799 17814 4719 7483 2421 13352 241 1962 16000 1651 14181 17849 12853 18369 6132 6142 7692 17287 13228 7544 1556 4390 16904 12324 10521 17209 17283 15066 7113 7388 3529 7473 11242 10508 3298 17810 11998 6223 18230 10064 14684 17230 4602 16796 11547 12780 1779 4488 966 11021 1838 17869 8037 10697 6670 6426
8487 11148 15427 11049 8092 12218 2560 725 1913 18398 14537 15599 17315 2687 15558 13789 1332 10927 6555 5508 10583 8630 5712 3580 11253 618 1150 13936 6562 11725 5806 1812 16992 12979 3920 5904 12227 14136 15345 12006 12209 5516 6522 1396 11854 13684 1011 15393 4841 7523 16540 16543 10316 9682 9390 4941 16693 18305 15891 8002 12923 7290 19 4158 470 16747 6175 11947 16674 16782 5476 6509 4187 2996 10356 10658 17324 9695 11989 13594 2101 13752 2518 5349 3877 3434 16601 4505 8751 15918 17787 12169 13423 18030 12 14513 72 16889 16883 13223 11756 3848 11950 3668 7794 14388 10939 13963 15124 5138 3995 4537 13892 11039 11443 4421 204 10019 10824 5425 10025 4301 2994 8880 5107 7311 15013 9820 5270 4953 10184 11495 2640 18390 10795 12495
6247 11887 1156 16853 15322 17255 17168 2161 17244 12903 10280 17776 9671 3640 4945 12737 16833 14222 4667 1187 10752 2490 16358 16026 13840 540 4362 12235 9206 6548 14441 3158 3481 4509 7673 823 6412 64 1340 5460 4404 7370 1382 9618 8693 14211 7015 16416 8088 15829 10892 16878 2627 2456 11333 2081 454 5028 6161 3698 2305 14377 155 3122 805 10120 11434 3509 580 15520 2511 16131 12928 4258 8908 5352 16335 2080 5550 4883 5098 15619 14698 989 12386 17347 172 14052 8162 8627 11490 15158 14107 858 10770 1987 17471 10900 16815 648 7522 8495 12643 2037 4730 13345 7575 5919 12121 8302 11096 9457 12181 6713 18193 2270 16112 17150 14975 7594 17010 15672 15594 14612 6880 1322 5133 9860 9387 2244 317 3982 8772 16713 14356 456
690 5122 791 10047 10797 11601 13053 7453 18115 17419 5454 6294 18010 11402 16921 12823 186 13973 5548 1246 1492 16793 7248 744 7160 1602 18185 9241 18468 1692 4575 7214 14574 1673 12916 17947 16749 11234 9642 5065 14095 11326 4927 11714 6985 13111 7129 5152 884 1733 15627 260 12254 11933 2580 12113 6867 2136 38 1502 12304 13463 17 7968 17252 1232 8994 18278 12454 5275 6744 10391 9458 10249 14907 15044 9664 10136 191 1575 17410 13921 8889 4677 3278 18495 10906 17189 5193 5050 5888 14187 16933 14662 275 493 426 12573 16765 5026 2989 16756 5345 10901 1994 15539 12629 11560 9950 7531 9996 1684 652 7826 4674 777 4434 5210 13044 10451 15625 5528 13381 7141 15488 12055 218 14825 4130 9426 13150 18242 2454 15692 18177 3795
11561 5273 9855 5229 17038 12608 4448 9604 7274 18075 15299 16918 7187 1136 15875 2510 14042 804 6046 15603 12152 16792 14019 14772 14391 11347 6240 4815 1328 12792 329 2180 11012 7400 554 9019 1582 10671 15587 5359 6994 1199 4771 5617 872 5738 7037 17259 4514 8596 3073 15325 14573 11860 4679 17965 17713 14846 4238 13857 9983 14393 7936 5759 13801 9806 1840 368 7118 18159 14495 2280 3139 17970 15405 110 5581 3597 4832 14970 4063 6069 10271 753 17918 3446 15636 5737 14171 13627 5468 9617 4300 16702 5645 17155 2959 4412 8095 2306 6422 6644 1353 800 524 13931 14114 12775 4548 17677 10857 12785 10698 7431 17476 4154 13881 13226 6494 5654 14428 2614 8434 5422 5813 1538 5559 12531 15500 16473 6695 6305 9718 17711 10065 14664
11963 17686 11744 17277 18441 10020 46 11290 10924 14862 1334 12470 15063 18393 4125 5333 12024 11266 9493 1324 15725 11046 1178 15716 14773 7375 11407 10838 15649 13829 14255 8602 8891 2532 10252 17483 3359 16714 9131 17459 13336 8685 6375 5647 15677 17675 2748 14819 16839 9832 2020 17999 5860 1577 8388 12350 14881 16614 16505 17167 10868 24 5907 601 8928 6113 11936 14530 15708 16516 4531 8741 10059 17549 12646 13565 2383 5044 3694 18172 12590 7750 11740 695 6539 8776 630 12665 17071 8659 9133 406 120 17316 17764 8731 17472 374 8844 12010 4636 10780 1883 761 14835 16444 16349 1721 16964 10132 7049 6025 7307 2445 10836 16075 13694 14175 14545 118 5726 1826 2867 5128 14503 9939 12708 6951 8959 2932 912 16213 11929 2029 18250 8334
13707 17447 2905 1997 12574 15190 8482 2019 17730 13702 13805 14034 609 1782 16979 9544 10511 2300 727 14003 16123 10541 5156 13017 13225 8385 9937 7489 7585 5255 12440 11189 13077 8362 5064 607 15363 4085 6364 7944 1750 17542 12418 4336 12513 8915 11085 8054 12750 14980 9214 9506 477 3472 16564 17204 9101 6854 1639 10094 6171 16654 1053 2256 10317 1537 4516 10373 14243 8025 10334 11752 11223 17174 7654 10370 14219 14709 4342 2414 6481 14823 17628 12347 8344 17003 1485 395 995 9415 15965 16788 18338 5245 15701 8082 18261 5244 17851 3740 4124 7990 9972 1521 10319 5664 13129 16603 13287 13498 9611 15030 10566 3249 18292 13131 3689 4778 2199 2941 4613 9585 2468 12805 1892 12447 12736 1335 3306 9593 4092 9417 1983 13992 12147 16020
13193 7415 5409 15077 673 3497 10666 15119 184 17725 2201 1400 3522 8698 14348 5577 16985 4810 4551 16717 11354 10549 12488 15516 5947 3299 7704 4858 2235 1236 6463 5655 5889 2646 14703 12817 5752 1453 5564 17702 16405 4387 6435 1600 3146 3056 1730 15033 15878 6259 12111 5676 18059 12486 276 16916 1897 11426 15917 14903 2908 16874 10925 13442 4440 14957 15297 952 17033 5560 1667 6085 8983 3206 8419 718 3292 920 15215 6773 9128 13099 7496 17936 18170 8532 5809 18306 9565 14742 13070 1421 12400 1689 2569 17480 3565 16034 13631 11101 13000 3083 13504 7454 4843 4442 6925 1656 11222 10154 17179 7642 14767 6936 10330 17310 15188 17132 11228 14851 16169 7 837 10287 12653 16844 18017 334 7773 15088 7339 16365 135 15535 9926 12689
6538 18346 16267 5583 12876 6068 11611 11414 12012 16970 14618 7736 16804 4721 1350 9352 10188 2373 3693 2296 5954 9333 18008 11016 16387 1279 13397 7765 8973 4647 10819 4917 17224 8209 13929 13644 3448 17186 13217 5045 335 17741 18211 8349 5283 7861 3163 15245 7184 13976 605 8196 4439 11672 5238 18083 9584 17022 5376 4198 15565 4022 11169 5403 23 1146 10417 75 6844 18162 176 6853 4058 5802 760 595 15645 3267 7757 13815 12255 17723 5426 2796 17650 2585 14716 9452 5511 2295 9121 13934 6459 10745 9423 4546 6737 18275 12496 10727 2754 2831 14102 5165 10302 8489 9484 13543 3084 15370 12602 8830 16667 13792 18025 9013 13654 7018 14443 17275 1785 13670 18259 8976 8948 2879 12029 4436 17117 2920 14127 13842 5679 12932 14310 16584
11781 7627 8058 1216 14238 10563 10950 17666 10116 17752 13371 11830 7265 7647 244 16354 6495 9888 16005 14630 3660 1607 7709 1319 11576 14010 16789 8030 3201 7349 13249 848 5812 10638 2523 18281 16942 822 8578 7934 1149 8996 3456 7694 113 8411 8413 13907 12484 7825 3439 11943 15831 7610 10602 14624 14875 14224 1080 14021 5622 977 6656 12094 15877 11141 5337 11530 5834 6864 728 2571 250 1044 9722 13082 4859 1940 16468 3993 13158 2609 8619 175 1056 13938 9869 778 7926 10491 12968 13087 1536 3705 16235 15356 667 5344 11054 5544 4355 3191 17531 12637 5268 16084 10833 9034 13887 7197 3574 8581 3752 16114 17753 15480 2757 7909 9406 10954 7123 12965 3955 8518 15143 2307 9267 12233 8442 17478 4922 3490 17304 3006 9031 15175
14754 947 18204 6313 7149 16071 13186 206 14511 5782 11186 11024 3465 8781 11583 528 7570 17140 5077 8104 12463 16834 3790 806 3317 324 529 13661 12082 6569 3779 4614 18219 13408 615 2911 13591 4895 11032 13546 10700 16490 4025 11888 13469 12659 8842 6190 7410 5145 653 15148 1052 5966 13334 8924 6106 2242 10293 6229 17789 18282 3271 1300 9824 12807 1235 3245 6004 13011 7165 13300 13524 5185 13872 14309 10577 4732 10847 7646 15696 9885 9408 11924 15661 4048 12491 928 11538 5922 11059 9534 6055 7972 16596 11635 5220 11394 2431 15339 5634 18358 3526 17543 659 16700 11264 4743 12733 18158 15861 10648 2901 14855 7348 7760 10082 6031 6802 14546 12794 1859 8441 13060 13643 11124 6180 6661 18482 16949 10084 14401 11339 326 12616 3279
6060 9076 11814 7922 12815 6788 14406 2350 12696 14301 13178 1702 15315 15654 234 16430 5043 8152 9348 18462 8949 11955 9735 14988 5154 3210 10514 8929 6123 3638 9944 8934 331 4493 18459 14729 4298 14639 12796 10593 14661 17553 4506 8363 13101 17526 4144 12018 15289 1314 1255 196 2599 15408 8466 7384 6385 983 13260 5351 16751 12678 12163 3890 2083 3810 15563 745 1501 10863 5631 10656 8347 14663 17942 17377 15958 15418 9145 12584 5521 11337 17188 12891 3104 18235 2631 7279 12844 4652 642 9358 14692 4292 2238 5542 11216 5909 5314 2542 2644 15737 11422 15697 16868 7658 12897 9217 9375 5667 7062 15317 5783 8707 10507 7864 246 11401 2812 2102 14955 8822 11319 29 16595 17329 2645 12858 17757 3923 16197 9351 11864 13613 16388 4143
2310 12934 5299 1098 12597 8452 14888 18241 16116 4149 13126 6507 6437 4317 14751 5587 15718 7089 8717 12274 5143 7820 16605 17183 8223 15243 14350 5758 10005 15525 9416 5614 9622 3170 3889 1933 15416 9609 1919 10580 4860 18163 9095 11698 8625 9901 3919 2512 6536 10003 15117 10601 7420 15546 14018 16022 15390 3761 7565 6115 10844 6506 11017 14242 3341 1493 8128 11479 3344 18173 4249 17407 18041 1851 12244 18485 16266 12318 17661 963 9768 12652 5946 18311 6992 8227 12185 7217 16431 6911 18143 3579 9795 3929 7645 15573 17638 13421 8021 7841 17868 13916 17806 5139 4060 13088 5492 3628 47 13961 80 4291 6565 8453 16567 15459 6779 18098 17826 13311 5150 13462 5932 10748 2607 10899 3498 5796 10159 11263 288 5905 14629 7416 371 6628
14266 3370 13389 6016 892 802 15290 15007 18269 2070 3028 10989 13556 10123 11628 8749 12969 3875 16306 1180 11058 5682 14221 16471 4203 6397 11806 5774 16445 133 16850 7216 17135 783 1765 11292 14849 10386 16506 833 3749 4584 8051 874 18430 9393 5372 12338 9329 192 3338 8180 14417 3144 1254 11120 7685 165 8405 14037 12988 6348 10516 1764 736 14148 6976 1474 15621 10522 3232 13930 12926 15255 10085 8965 10743 9712 5530 247 8267 3101 571 16590 4024 11102 13850 9588 7529 15442 13507 3095 3080 3111 400 3483 6760 4949 3686 6236 6347 16959 3198 16102 1814 4218 8406 13392 11445 2617 17451 412 2597 7608 6471 12726 12536 18487 12787 16669 5958 14099 10854 5771 5658 3085 13346 11558 9494 13023 16487 16251 16574 2094 1249 1629
