25
25
259 553 102 342 566 508 40 28 405 565 168 414 412 620 327 314 606 177 284 207 400 25 285 341 439
254 619 182 167 261 526 496 110 357 312 148 330 317 57 574 33 527 188 515 431 450 569 316 402 237
375 238 555 221 59 7 75 92 570 573 344 257 43 578 334 429 125 432 564 158 437 623 218 217 586
216 525 99 427 195 64 529 616 383 278 21 189 362 581 494 118 399 265 190 307 575 451 321 466 370
248 27 130 568 13 499 55 280 20 480 91 204 389 311 198 231 142 199 563 208 103 438 315 497 290
561 441 409 93 373 45 579 86 47 401 548 249 260 462 421 337 17 449 71 80 397 191 443 121 286
300 608 360 353 44 320 366 281 433 468 346 339 474 473 84 161 214 367 415 30 352 251 31 242 355
500 166 288 378 303 404 545 612 16 100 551 585 131 347 18 501 275 559 358 262 117 407 416 406 243
328 487 625 522 351 477 136 394 504 457 82 453 120 607 63 212 81 518 550 520 215 232 292 22 236
356 196 345 547 226 127 289 287 174 39 219 385 126 94 46 332 185 146 348 471 482 538 165 445 430
588 521 502 107 388 567 244 598 386 444 420 523 516 599 490 2 377 85 113 552 350 98 268 372 621
270 137 592 143 498 534 374 277 42 246 163 133 140 124 34 1 26 440 8 263 369 14 253 509 411
67 297 72 365 435 511 29 376 230 240 549 12 503 68 258 23 489 15 200 149 266 617 123 410 129
235 324 90 176 597 560 419 413 296 291 519 78 79 540 542 600 104 533 343 544 65 546 537 458 37
53 472 398 572 589 205 150 493 114 336 128 38 464 213 62 56 329 576 583 610 224 308 164 273 513
535 531 173 601 83 147 452 539 434 558 295 144 361 159 139 323 442 87 211 54 562 465 447 354 264
197 156 162 587 604 73 423 488 122 203 141 5 491 69 379 157 611 335 101 605 596 183 396 528 206
536 495 618 310 595 96 481 425 252 390 9 299 422 384 446 58 364 41 554 313 507 256 276 222 514
109 119 145 220 89 171 448 247 153 461 269 48 363 3 543 590 193 532 301 512 245 456 486 49 614
309 24 408 615 210 460 380 61 50 305 74 175 160 135 35 233 294 359 36 302 250 331 178 593 10
505 557 387 169 267 154 255 209 108 11 371 603 51 52 417 571 298 325 282 241 223 116 272 485 454
470 186 403 577 392 318 469 184 76 591 4 322 478 66 338 483 170 19 229 105 584 426 151 467 271
428 225 524 395 424 283 492 77 436 391 180 181 484 582 132 368 70 115 111 60 393 506 381 6 138
155 418 594 274 112 349 106 172 556 97 95 510 530 463 202 228 479 187 517 475 201 613 609 234 382
152 622 624 194 239 455 88 602 476 304 340 134 459 580 192 293 32 319 306 333 179 279 541 227 326