96
96
4678 7735 6211 8683 7480 1743 5835 6278 6860 8264 4828 5173 7543 6507 8167 3717 412 2833 437 561 8348 7224 3986 3319 7320 9136 8533 4604 3313 6572 1371 8776 1202 4349 1623 5746 6000 281 6291 3652 390 4056 5995 6237 7263 4725 1025 4735 1540 5855 3603 6849 6212 3196 7632 1912 6050 4122 8330 8668 4080 4844 3021 8672 7939 3451 8886 2236 8373 7361 3006 4727 173 4355 4895 2251 4887 7955 349 8151 5502 4054 5326 4676 4386 2347 3955 1895 8544 526 6276 857 90 1140 5774 8809
106 779 8755 6335 6252 1620 368 6102 6198 8547 504 6445 6652 2537 1131 4736 1656 51 2262 8292 9189 5193 6839 8857 8329 5184 3649 564 1521 6092 4284 3439 2486 4606 545 2124 3428 5176 7993 3754 867 7371 2419 5203 3840 3392 2536 5507 6220 5825 6385 4333 4914 3421 6375 7940 3234 4025 8469 3551 353 5620 3461 7537 928 7205 2628 1882 82 1387 4749 8724 5410 2808 6561 785 2420 2942 1355 5124 4374 973 1818 9101 3593 1558 2672 4515 5394 851 7846 1237 6133 4130 8871 2091
2961 7706 1187 7175 2132 4405 1581 4457 4063 4609 4251 5070 8869 2144 2935 3703 328 1902 8085 4808 1699 6790 2611 3316 832 6328 1452 3351 5986 5916 5129 8874 1396 1538 7280 5412 3505 8897 1526 3393 7718 4817 8876 3230 4271 8995 3681 6005 5301 2991 981 5164 6902 575 6864 875 529 1242 3297 4996 5038 1153 4985 3543 8293 5555 38 1904 1193 377 1864 1464 820 7604 4653 4856 8667 3350 7228 8530 8406 7574 3360 4957 7858 6907 2147 9034 5496 3450 2689 5562 8804 2842 6865 4723
8810 3050 8473 534 924 6796 1347 643 4864 6204 1543 7651 1556 1080 4765 750 1415 3171 1507 2267 2482 4440 792 8362 5452 3361 1280 2762 7264 5522 2345 737 3849 3395 2771 695 8432 8124 2555 8891 5609 2425 7597 4362 157 855 7790 8997 919 1389 4797 7558 4112 3599 3447 3403 4818 2331 3665 3605 3369 7382 458 56 1225 6379 1183 980 2152 3253 6877 5211 3383 4285 2107 7573 1748 7240 1428 5343 8588 1350 155 4506 6218 6873 392 1949 548 8326 1943 6082 4619 6045 36 4697
1218 1221 4537 4935 2602 3431 7768 6997 3200 4480 5598 7568 4453 4825 2288 9015 5726 1419 9088 2240 7181 73 2975 8578 2183 7016 961 2866 4482 1081 1334 2205 4555 3354 8621 5096 1068 7618 6921 6713 8001 3248 8014 3630 6614 8514 341 6565 1509 1147 5706 1199 2458 7522 6253 9134 8205 4550 3462 3449 5405 4328 1126 7780 549 1550 1837 3760 2941 5423 3583 7445 1255 8393 6685 674 4645 3948 6131 3312 6097 1574 3486 6885 5965 3466 5743 1030 8188 6420 4642 7142 756 1429 5169 8283
4627 2918 7779 1770 6734 424 7599 7953 7877 5092 4924 6564 7925 649 9054 1988 6499 9120 984 6134 2415 967 931 4655 8680 6557 3857 174 2595 8642 8038 8423 929 6177 2695 8013 5120 7191 1076 1705 2339 6612 6750 7950 705 8626 6515 6365 6274 6616 1583 2839 2837 3940 1969 8529 4346 2188 5817 5773 7590 7364 4460 7585 6465 879 7623 8602 538 8015 6577 5149 4019 6407 6325 670 3654 3210 1607 269 8585 8121 2406 1952 2065 3864 3554 3189 2659 21 2121 521 44 7216 5961 5528
2233 5385 5323 9196 9026 8818 40 5613 3156 8729 9159 3059 7577 2151 5802 9016 9170 8240 3113 6149 7903 5009 6404 8702 5251 1003 7528 6344 4534 3102 2408 4406 7584 8767 2261 371 5182 1910 284 625 5167 8310 1271 8301 2864 1215 3535 2625 423 4467 7876 2166 8850 6649 5223 844 7614 4539 1737 7068 1750 683 4530 3706 343 8120 1478 7633 2662 7317 4300 5168 7563 4952 5594 5063 7146 1205 5421 5262 1585 312 1549 248 5717 1515 8777 253 1928 4569 3568 5352 1800 6508 8000 7845
1435 5633 2974 8378 2371 6895 6669 4249 5851 2667 1566 8478 8915 1954 1772 16 8797 1726 7290 411 7227 407 2239 8498 1226 8583 4859 1466 7029 7496 7961 5054 1873 2932 904 2490 1962 7056 6334 5236 4809 3585 6023 6074 848 3488 5895 5709 1094 3082 2998 6234 2060 2937 8931 660 3201 7566 4577 6294 8612 300 254 4007 8185 7748 8132 2120 3341 3043 5171 7117 8196 6467 5044 1158 9077 5926 3029 3513 3097 3152 4315 7302 276 535 6270 5495 4624 7352 128 8793 4304 8103 7760 6959
2781 3751 3563 3110 333 6311 8855 3500 4705 895 3743 567 6250 7807 9073 8686 1582 481 6041 4183 5644 2029 3078 7960 3209 7336 8280 8907 808 3359 6127 2519 918 2472 3237 8260 4831 8528 6259 5836 1244 3032 6428 741 2008 4065 4873 6939 6603 8570 1802 4055 902 6691 1408 7407 4318 700 2073 84 466 2393 716 2470 2377 2820 5011 6230 2579 2064 5931 7038 6711 2630 963 3404 8012 1484 184 2222 6742 6510 4416 6677 6674 7520 769 3699 70 3228 8607 477 8918 7762 5629 7987
8751 3947 6678 6992 4024 129 8429 6193 1894 2551 2056 7941 2020 3547 2225 4719 7024 9007 3498 6914 6870 1528 5463 1930 6715 803 3485 773 2269 2209 1587 4059 5382 730 8903 5701 1102 6104 164 3726 3668 8347 6596 8916 1105 9058 4598 8535 8424 7724 4475 3079 6012 7379 6254 1676 4986 2816 791 1319 8420 5377 1455 5424 5276 5166 6829 804 7967 9006 5812 483 3257 8236 6758 9081 4948 8579 7891 1426 686 2495 826 2841 8783 4434 5030 6166 8231 266 5501 1829 7897 4944 3980 2142
6625 6196 5850 2268 3635 7217 2818 6569 7046 5662 4221 1164 3034 4002 4629 3843 2693 3662 822 5547 5012 3752 4087 3414 1248 6646 4168 2349 8024 5695 2601 6010 4210 8436 5962 2085 3225 1714 5300 6943 491 3888 444 6165 2800 8353 8511 476 4589 1693 7369 4267 4167 4075 3103 5357 5969 1337 578 2405 8437 9168 7697 1584 2959 2825 1052 8073 7565 6293 7686 2466 1674 6386 2381 4917 983 6173 4111 8442 9074 6716 9001 7707 2869 3733 1810 478 4712 8586 261 1079 4231 1252 2167 824
7418 4471 1172 1326 2619 4158 585 5031 699 6522 4584 5227 8375 7467 8979 4269 8550 9087 2328 6061 1841 6965 4815 7498 1805 6908 1889 5682 3932 2799 710 6702 5686 7828 8465 352 1325 3046 8402 1456 3676 2823 3790 5924 3838 6468 1708 237 7159 5100 9109 4363 8983 1180 3672 3628 1731 7346 2277 2763 5115 354 4585 8483 1822 7912 126 6024 1696 2945 7162 3769 5264 7081 6205 8272 6358 6683 6480 3724 1148 2169 9118 2706 3353 2528 8678 158 8889 6800 4121 7292 2938 6811 1836 3889
1405 4212 1628 3928 3455 2504 3987 9117 1919 1900 9143 7250 874 2062 8342 5768 7271 5518 322 484 1661 4762 6406 652 1860 7532 8096 7835 4529 5113 2017 8249 8445 8906 7406 4292 6383 6543 6546 5481 3808 8845 5160 4437 9205 7035 5752 772 6453 7670 5990 7108 3334 5279 4274 1441 3615 5448 5705 6688 2493 5126 8603 5133 7750 2900 3009 4959 2002 3887 4244 2702 1981 6366 3686 4070 196 8749 3588 3070 1973 2893 2532 5146 8230 4833 5595 2726 8567 6275 1789 2586 4716 6290 5067 7945
7246 4414 6084 6136 474 6221 2102 7036 1680 5378 3417 7231 5536 6976 1360 4538 4707 4932 4709 4951 809 8383 1239 5401 6580 8798 5844 8108 5983 2284 2401 5872 8754 5849 7252 7047 8481 5090 6961 4556 9064 5142 6094 2993 198 1983 3967 8312 3219 1807 1633 8002 163 7997 6609 6399 839 8694 7713 5867 5879 2242 7105 8604 3268 7 6073 4202 1418 3330 2477 4616 6309 6529 1935 3510 3238 6019 8690 204 3809 1809 9039 5380 2851 6705 7582 9141 2208 3174 971 256 3909 3975 8251 421
4003 870 6317 754 3135 2994 2096 8008 8813 6387 6139 154 7716 5933 8128 4064 3596 3142 8784 909 8980 4652 7403 2960 631 2180 4634 745 117 4533 3337 7609 7283 5346 346 2117 5449 7881 2396 4654 2752 1281 8273 7456 3532 1083 1914 7747 797 313 3027 3452 7078 1175 3217 8202 3922 4043 6201 5333 1745 3696 6780 3469 5455 9040 762 4113 7666 9185 3893 5661 666 6627 7890 815 7325 7130 7744 8335 4146 8356 4217 1747 8872 784 8146 1071 7378 2647 3711 6025 7002 1065 6225 2545
6206 950 3919 5778 192 4679 7988 7006 3924 401 6552 734 5446 5214 1814 6422 2376 7472 3011 6018 7125 8562 5787 770 2139 752 9198 4173 7868 7529 3000 6983 6632 2291 677 5918 3137 1301 2639 1504 505 4494 1487 4775 4402 640 5576 5811 1534 7952 8688 2992 7717 4514 8421 6186 3054 41 4838 320 4133 6125 6841 6741 1752 3224 4127 492 7957 764 1855 3565 5574 3242 3835 4419 6078 2367 1119 4399 4742 3220 4835 3335 7143 4937 2384 95 2738 6026 6913 7813 5219 2634 7837 4314
5803 6111 4265 7607 4628 4053 496 6142 9137 3205 4778 5200 6623 4044 1285 8492 3128 524 3852 246 5281 7026 7041 586 1010 8966 5683 1625 29 2198 6941 8035 3789 2679 2223 6068 4135 2485 7380 5941 7501 3931 8772 6938 2508 5389 3677 7815 7153 5147 27 6417 8488 2764 5950 6607 1245 5024 1510 1308 830 7255 8143 238 1863 1498 5902 2119 4001 8487 8709 1291 5882 6332 3545 590 8017 3430 1941 321 6378 357 5966 358 3116 8912 7408 2944 1485 2465 4356 7612 1041 4892 3091 8448
722 8661 9181 7944 1159 7015 4903 8147 5197 3301 4411 5667 7442 405 64 2874 8129 2413 4016 5187 1262 3013 4250 8065 6730 8630 5500 4376 8472 5390 5671 5586 6736 480 6995 8163 3964 8490 9215 4893 3278 8118 3216 3358 6042 1815 4194 5616 3682 6351 8289 747 937 829 7198 2895 6619 1965 2609 3044 6999 3087 4233 7715 3389 4287 4773 7787 4485 6633 7422 6727 7011 6911 5939 8718 8371 622 2006 8508 6900 5004 1292 7440 1953 7781 723 8229 1517 159 635 2036 9005 5224 225 6482
4236 1440 1563 66 7962 761 5509 7439 5266 6511 531 7578 894 7643 323 7060 7538 7610 6973 5889 5925 3499 8557 3881 9071 5535 2907 4067 6551 7773 8250 1365 12 6970 3051 7005 1359 8951 8269 2364 5801 8043 4403 2400 823 6197 1766 6115 1573 5715 5036 7463 375 1494 7479 958 5579 4258 6757 5131 2901 834 1295 8076 6547 2936 5127 7050 414 3860 4423 7151 4139 1209 2503 3284 3443 1383 8115 3332 4442 8190 7669 3075 6754 5866 6164 3511 3092 2912 6241 6676 6475 2164 6487 3777
6298 8334 87 4504 1821 5569 3791 1967 8303 6517 1368 6409 5447 8322 6215 1084 7692 2395 2914 7583 7494 6767 8020 1300 4372 9180 6600 5972 591 3792 9095 5744 5256 2957 3876 4545 6541 8238 1379 5233 5359 2968 2830 8324 738 5356 7387 3409 5257 74 3702 4166 3562 5572 3454 7630 8125 1100 8491 5368 3527 4909 1469 2078 5018 1132 142 39 4000 2275 1489 4920 4670 9142 6364 6667 3250 6255 4277 7419 5032 8856 338 1211 8090 4881 8706 3370 2787 3223 8309 632 5322 5581 7269 8086
8174 49 864 6059 4726 3145 2707 1522 441 2811 8944 2404 9014 7799 2534 6239 2832 5110 2909 6001 2956 1210 767 4298 6476 4488 7674 1127 3191 3629 7461 4123 8792 9 7237 2899 485 8377 6185 1425 5388 1905 4286 5492 7572 4078 1718 4977 8172 5673 2403 8685 8735 468 5546 8394 8066 8651 4858 2292 725 2831 2177 8464 2359 1488 7475 8934 5102 8747 381 5871 5078 8217 975 4665 282 602 2989 7702 450 3387 5846 4074 5229 2678 3373 6316 8826 6433 5456 6993 7289 1754 2806 2312
2686 1161 6396 8480 2910 4891 2988 969 4325 3028 5606 7761 2571 7794 7004 8576 3199 1878 4899 3440 6562 8091 4397 2305 1741 1788 5597 3060 2718 2713 6297 1707 1642 1934 4918 1109 3442 8711 7809 4867 2368 4345 1806 2342 4692 2079 1982 6618 7481 5642 7341 985 7128 6107 6554 7176 386 4451 2782 9188 994 1432 8746 6362 1482 1710 8068 4929 5795 7303 2881 1309 1151 1966 394 4134 6672 7675 9050 1149 3580 8398 8815 6785 3345 6833 6382 3180 2995 7194 977 3042 5905 6707 373 5125
2118 9011 3954 7043 4495 3697 8613 5386 4601 5639 3340 3716 3182 7096 755 8671 4281 366 7943 9048 9186 2332 3645 5181 8072 6330 2699 598 3519 5098 1015 6251 2210 2098 4400 6869 7804 6122 3245 7974 3463 4972 8512 7400 7229 2703 4946 3625 8339 4223 2552 5737 8766 4760 2584 4357 594 3150 1335 8372 3149 2074 4241 4425 503 2215 7811 2810 1393 5721 2066 3438 314 1085 920 8157 8805 278 4574 4706 8676 9082 5734 4261 7460 972 9165 4034 7179 2548 6405 2812 5210 2973 3966 2090
4635 2070 5123 2541 6438 1374 5243 6028 2229 8719 2257 7591 9010 4178 7084 8673 5041 8600 1038 5010 8647 1352 2501 2836 6327 1411 4847 5436 4410 8935 4695 6847 2928 356 1275 6350 3601 2860 8640 3026 6910 3371 4758 6830 1985 3260 807 8438 6347 2633 2200 7550 8849 1536 6967 4264 9044 5172 8927 780 8380 5663 6778 1117 19 8950 8078 5420 3326 3692 2872 2709 552 828 2431 2481 4508 6584 1799 3989 5347 5685 7866 5104 2591 513 1909 7672 673 8138 6896 8981 7915 2880 1575 5988
2543 8816 9213 8541 1090 6373 4479 8790 8817 224 2855 5435 380 6763 3256 4696 275 6223 6524 1266 4592 3902 4336 1416 3356 1363 9055 8071 4639 3796 6318 7966 5841 6643 134 4568 3570 1098 1606 8133 2001 6533 4226 4483 5691 6735 85 2146 563 5927 5272 7554 8707 8193 8840 1251 618 5060 4211 5466 6890 4071 2908 5614 6958 8756 7000 221 7448 6765 6083 5408 6708 5621 88 2237 2549 8548 5349 5130 5221 7230 7982 2916 2206 607 8341 3753 8277 7861 4661 1497 2390 3467 1336 9131
8427 6138 3520 5088 2184 5369 7158 4448 7160 6648 7122 7784 2216 272 6314 1846 6559 6710 3859 8044 4395 7097 8126 5913 5588 4649 1505 5584 3998 3400 3263 5297 410 5557 1964 8942 9080 8699 8955 1732 427 7319 3292 1331 9089 6313 7910 630 6831 1961 8761 8765 4103 5580 8390 7413 7959 4581 6348 1887 7869 2721 8954 6244 7995 1618 8601 6934 836 2599 1639 763 5107 197 8599 5027 7588 1523 2437 7571 2471 3785 5112 6755 3694 1121 6929 3685 1823 6881 8494 6745 8455 3525 5003 1692
4540 4945 1899 3154 8970 378 440 5023 4182 8009 1118 139 5601 3698 2949 4930 3276 6719 2155 4519 5860 2733 7687 4320 287 6920 6729 1066 3123 3231 137 3631 6944 2940 6430 6681 1276 260 743 5794 80 8526 1095 3255 5600 1264 1570 2755 3441 4278 8827 1672 7080 1378 7203 573 7613 7932 3528 2845 9149 8728 6593 4998 8256 1012 3184 982 2725 603 3023 6655 7444 5991 1554 582 4239 6771 6315 5929 4807 8986 8034 1532 1061 4934 3994 2443 2509 5206 833 7032 7399 2903 934 7386
4154 3993 5064 2568 6891 936 1446 1771 4752 4390 1700 6195 7507 4650 5250 1364 1706 6029 397 7884 1388 4886 732 5117 8773 4795 7359 6443 921 689 302 5703 753 7286 4690 8551 7110 8999 219 7426 4385 6280 6069 1529 8294 3464 4936 207 4145 1648 1876 8695 5325 7147 5646 1157 5069 5109 6746 7112 3663 4981 8608 7852 3782 793 2271 8590 8870 5828 1725 692 5074 2452 4009 4180 7930 3037 2889 2104 6977 7092 2140 7100 7951 2879 8182 4029 4744 562 1196 678 825 2610 4022 6821
7388 7500 2378 6500 8198 8197 6581 3198 151 1195 5858 6560 7373 9127 9175 6484 7244 8821 6065 1913 704 2983 5650 8422 540 8145 5140 2387 1987 8239 7020 5808 6053 2635 1436 6832 5 7829 7778 6867 6184 359 6434 3604 8112 7691 5599 6052 5899 1820 3293 5454 2737 4570 7916 4666 6047 1685 6937 865 1136 7416 7316 2868 568 8399 3610 3192 7826 8031 5068 8833 706 2207 802 6229 5565 6882 8396 7249 2970 4961 8425 5235 7184 8449 4303 6341 1856 6953 285 5469 3480 1933 8271 2442
227 6451 5868 1659 4605 7337 3506 7673 8134 8033 2374 1220 5615 8346 4004 5658 7594 8929 5375 283 2760 1034 5106 6949 7980 2505 3073 113 5202 2553 8829 188 3737 2353 2362 7425 8732 4860 736 619 6454 2154 8300 5508 3622 6825 6828 166 1129 6120 2063 9042 7541 5590 6016 1974 5345 2892 3317 6748 3160 6067 7424 4456 8823 5635 5491 203 8080 1495 8257 8142 6518 4047 1091 5958 3170 4316 7907 5468 7152 8061 7086 6969 4084 3227 2597 8228 9152 4308 696 7895 345 1026 2507 1689
1099 968 1921 6972 751 5028 4489 7801 4672 5213 1753 7847 3432 4152 8279 1016 4994 588 8493 2385 4623 782 7519 1867 8587 4651 8447 7665 2617 2463 4865 951 7420 4119 4472 2010 292 4052 606 8681 6641 3642 6955 7071 898 624 6964 2967 8194 7725 4005 4137 6539 7132 3870 1697 5759 5567 7856 236 8737 1028 4262 7395 6952 6805 2838 2865 4614 1289 7409 2731 5622 1576 1342 742 4444 7484 5892 6217 6146 4717 5677 4011 217 2564 286 7580 4032 621 655 5216 98 247 3193 5554
861 7904 4657 1643 574 3376 3162 8532 432 8622 4129 6527 2984 55 6093 4191 3106 1458 4023 8992 1477 1479 2324 648 5245 3084 8940 60 7417 8397 2296 1189 2824 4222 2496 5278 2272 7222 2644 1036 4826 2985 9160 2615 5750 515 1666 7193 711 4910 3055 7696 6950 9023 1000 1104 453 1198 5890 5161 7284 3120 7332 3270 3420 7454 3493 2719 1870 9140 4763 7398 199 6935 1886 2768 7278 4058 5445 8288 92 7854 2929 1269 3709 3894 7053 2041 2276 787 8471 8538 6826 3416 7883 542
4283 4377 228 4282 3900 5883 4393 5583 6699 9139 1936 7208 7469 9037 6333 8806 7601 838 3483 4317 5282 6675 2093 3122 8919 3730 6512 8632 819 841 613 4811 9197 8996 5904 1593 8444 8670 404 6936 800 6744 6924 2624 7019 5013 2294 6530 7330 1453 7493 8714 6175 5711 6971 1704 7602 2769 1813 3911 2423 3374 6770 3022 4837 709 7908 1265 6277 2920 7058 5180 3363 5512 7886 5042 8803 6273 1313 1729 2283 5240 5083 650 9129 8902 20 5314 7517 5086 5255 7751 8867 2203 2300 880
2023 8454 6015 360 3512 4756 8100 5218 1871 7120 4149 2099 9085 7684 8713 3475 5163 717 2905 5231 3556 5062 1096 3125 4230 4622 3749 703 6258 4379 417 1531 7156 8156 831 8786 7922 2360 4342 8170 7576 1999 1011 2578 7421 7615 1589 3718 463 3779 3913 5953 6567 4523 3104 7076 71 8287 9052 2220 3944 8873 177 1567 946 8453 8485 6866 3611 493 8365 2034 8178 4551 6199 2708 400 5238 3478 479 8917 3504 6002 1777 2717 3708 5914 5718 2951 6085 6192 3143 1204 5993 1790 1690
682 3990 6624 325 6615 7757 6817 3300 3040 7172 8122 7769 5464 4243 3805 2829 3807 1475 4658 6928 3721 1493 3138 4302 2022 8290 1591 2428 1525 5719 8554 7392 3673 215 8795 6235 5638 2250 5186 2280 7700 6782 7308 6129 7745 8026 4232 7920 4124 5336 3735 5564 4426 264 3063 5331 6286 7304 2467 4587 9112 4118 6493 3321 2122 5439 7863 633 1135 2506 2594 4360 7824 8568 1503 1457 4171 5833 8047 8404 8989 6700 775 4412 2604 4021 3873 465 2747 1013 425 5016 8930 7570 7518 8752
6147 4855 3418 115 6738 6321 5119 365 3310 5678 3048 5742 6060 840 5560 5153 1380 4745 7786 1284 2357 1599 4950 1678 1986 8063 7652 2711 4288 3460 6542 4464 1234 6594 8319 8663 1624 6461 1877 1874 8392 5640 3756 4868 3213 5316 4791 3912 4854 2444 2754 6979 5764 3773 4424 2913 727 520 6645 3094 1638 97 1976 1366 536 2677 3700 1267 6909 8225 8572 4289 8462 3064 210 3147 26 8822 6540 7338 4312 5585 7266 8881 8209 3412 2688 4228 94 6532 2567 1804 9009 511 4179 611
169 6458 6793 4498 1430 6857 5655 3405 8476 5636 3736 8113 4050 3770 5979 8261 6108 4593 4104 8140 5643 679 4196 2884 8153 6496 7044 3883 9107 7065 6159 4526 1330 3508 4796 2789 100 234 3329 7360 1438 7008 6354 7366 5144 910 3415 7796 7621 1375 1918 4553 8522 1619 7873 2308 1059 6369 8862 4273 6323 189 2394 2255 7776 5081 8801 6668 8969 1559 5749 3725 8518 149 120 3748 3088 812 4942 1130 2561 1830 5305 1667 1993 1542 3608 7857 2230 8366 7377 3133 2745 7611 232 5135
8928 1217 6209 5007 9075 5459 776 3901 5862 8596 7802 3745 9174 1421 8725 7394 4272 2596 5307 2128 892 4905 4866 1423 2664 1915 7075 7900 3311 243 5920 2217 7734 863 5263 966 2453 8770 5827 1229 5782 4586 6240 2165 459 5864 5290 9124 886 3951 2680 138 3946 5208 4682 8262 218 4904 1541 6927 4319 8796 4774 53 604 1627 7296 8744 1410 6426 1738 4368 5392 5121 605 2931 1596 5906 4186 4668 1670 145 5143 2264 7307 2256 3882 8361 4493 4802 2734 7851 4757 3839 8799 6224
4492 758 974 271 5736 2685 214 6418 8525 5724 6187 1798 2612 7831 6799 3591 7102 1394 6143 4974 1358 2110 5843 1328 3121 7061 6753 1460 3727 9191 2228 5337 3885 960 4875 2456 7331 3927 6962 5332 2606 5954 4190 3863 6749 5769 1761 1 2344 9092 5730 7867 1491 5543 1500 1911 2101 2232 5397 4659 3670 3581 2522 6160 5353 5603 7034 1539 5548 8565 288 799 5207 5309 3427 6930 8847 3996 2827 8598 262 8965 8325 6698 4245 4276 1797 1880 9076 6088 1223 882 7001 1651 2462 3961
2266 6038 5765 2343 1288 2674 7218 8609 81 7133 3057 395 7344 2157 5105 7741 4110 6544 5770 7349 3747 6470 2873 2857 8911 2524 8720 193 7287 3874 3177 7236 3246 7526 329 4100 7579 2520 4354 6162 4843 7928 309 2603 3117 8295 3567 1795 4559 9147 30 8563 7111 9096 3729 4969 7124 383 1399 1640 5985 2616 5482 1995 2943 4301 1427 1005 8961 3657 8139 5697 596 1476 5179 7973 6171 7093 6591 8116 5237 641 7381 1103 2971 5396 1610 1367 3305 6701 5116 1212 4439 5021 541 6535
5488 7073 403 8401 2043 8953 7226 3638 6410 4714 230 939 806 5444 7530 6247 8074 3457 3071 890 2038 3819 4541 3707 4940 935 1735 3829 6917 251 3425 7719 7753 2330 3920 7137 3365 3195 1039 7350 2608 5270 1602 2125 6966 5816 3380 5265 9210 4095 1447 5159 4620 1278 7616 3309 6014 8896 5909 7318 5097 1768 8775 8580 3978 6046 4572 8536 5269 5294 1054 6051 4452 2279 8391 8677 7767 6271 2854 4512 6859 1764 7569 4263 8832 4433 1907 9056 116 1938 9145 4120 8350 3869 1527 7186
4595 1486 3399 2072 4789 7984 3671 76 7385 1980 7668 3758 4684 3958 5684 3303 5948 8844 6956 4474 4229 4159 4449 5798 9206 4329 4626 7827 6982 4576 6172 8760 4481 1675 2172 6628 3636 6947 2577 6974 3579 6020 4216 6077 8054 5824 5797 7272 7312 5080 8094 6473 5561 8318 5484 3030 3813 4378 6210 4612 2027 5241 7545 263 6604 4928 5485 3738 2861 6894 6170 6940 8820 4275 4636 1431 408 1247 5754 4971 4388 5550 1249 8169 1141 350 471 1404 2788 295 5912 5170 2656 8069 3569 6682
5039 1163 6945 7619 634 940 3039 644 2791 1691 3971 3435 7059 111 3134 2560 7288 783 4290 847 729 1513 1092 2049 8486 5960 2150 8263 559 8614 3997 2231 3757 5729 3926 6248 998 7789 28 5532 4792 33 2795 3546 6537 9157 2092 8649 6886 6714 5839 6219 9178 4980 8559 8631 810 5593 8741 8415 8247 431 5051 8629 1835 2068 2097 4361 6665 5822 7695 5329 5419 3130 1078 7788 5033 8963 8016 3939 1185 5079 1101 6326 2083 7816 3155 6121 8337 7427 6768 3474 1608 5589 6466 956
5842 4219 6346 3176 8943 3557 3183 512 4195 7658 6761 7247 4094 9116 185 7931 5344 5921 2290 4764 1683 7265 1385 8495 9108 957 258 3960 8456 4240 5861 8218 2457 4877 4664 8921 5999 7535 4468 1604 4787 5298 7502 7954 449 1354 4294 8104 3025 7164 7929 4677 2383 5361 6450 8738 5611 4594 4941 6815 3207 9148 7783 8924 6946 3179 2896 6926 1327 8040 6613 4324 3490 6158 3854 7432 270 3705 5568 1547 6906 5393 4427 565 2173 122 1047 4031 2061 6731 5285 7376 3477 6006 5152 7843
6306 5189 2181 3524 555 2153 608 3817 3641 3999 5005 3269 43 1361 5194 8704 6587 6784 7063 6408 1070 3866 2777 5558 5893 6261 1294 3949 3401 1968 7650 6732 5514 1688 3701 781 1471 6391 7390 8842 165 9079 6268 5619 9099 1116 4810 663 5289 3408 6597 419 5982 2318 1461 5087 7423 7477 3648 8736 4753 4081 1917 3691 75 8416 1875 6390 5340 6823 1176 4015 868 6693 7309 369 7365 9158 3915 7446 3053 63 4611 883 7635 5313 5045 1089 1111 1480 1958 2488 9105 5154 8560 8461
8177 2086 6536 1188 3514 989 2193 4443 724 7508 211 186 4114 7513 7495 8700 9166 3589 4922 6022 2187 5880 1296 4782 4699 3172 7261 7605 6893 2402 413 3286 3742 5497 4201 6824 2363 6264 6441 2241 2863 1568 6558 4613 103 1072 1286 3185 4583 6491 6460 6954 2692 7899 5274 5122 4335 3740 4801 5065 5932 6076 67 8317 6589 1668 8748 4086 45 3348 2687 8703 2849 7850 4992 5108 8894 1972 5813 2391 7642 8549 8059 3236 4958 1261 1120 2930 8778 7202 3566 8967 4337 3194 2370 7882
2044 6680 4956 1719 707 6773 1112 2474 2517 3824 6647 1746 7682 5000 2450 8412 4921 2137 8136 8973 1190 6521 4813 2862 8620 3786 6598 3910 7313 5334 4662 3114 6440 6575 1386 311 5819 4234 2972 249 8385 7515 6130 3289 2035 4184 796 8901 5280 4691 7256 1170 2426 7949 6689 9057 942 1922 4076 1552 8905 8407 8434 8370 1946 2730 876 7412 4648 3495 3136 8745 7546 7620 2683 8192 7902 274 7736 4625 7163 3295 8762 5771 8993 5157 5624 1236 5156 6844 835 2171 7372 5066 5745 5232
8123 1773 1160 8203 8417 7793 3908 3564 6003 2735 8214 5974 3526 1603 8977 6429 7028 8268 4683 7646 4564 3767 3844 7709 5373 1459 3982 2946 8539 456 4880 5760 4511 3008 694 4711 9150 2867 4851 6887 8764 8315 8789 5403 6189 3375 4747 1744 7054 2655 4603 6452 344 3764 5698 3765 2494 7204 5015 8811 3969 1139 406 7154 2361 8099 4647 8266 7321 6034 788 8853 1885 1859 7923 6207 9122 1472 6416 1555 5981 757 1340 3871 4462 5432 8948 3600 4461 7201 7990 3584 6152 4702 2195 1963
5404 8851 3530 1050 7946 2071 903 4632 3061 862 6300 4617 25 5141 5342 2412 7531 8343 1677 5046 54 6148 7924 2076 3517 1614 712 5037 6795 2319 6222 4235 1417 3476 8885 2016 5763 6036 7362 2287 125 3407 8023 6679 457 1055 8868 4041 8243 5364 5943 5465 2483 7560 2977 1171 6726 123 4687 6444 2004 4339 4359 7428 8459 4117 2258 6403 5471 3933 987 5587 8591 2351 5059 2894 517 6802 5656 2248 6786 4889 7901 8060 3089 7453 4205 2224 1290 182 8546 5821 7708 3111 3140 5103
547 2554 8561 2600 9194 2722 7452 7661 4580 6845 3377 654 5077 2411 4848 4020 5510 385 8479 6590 8226 1467 3124 5362 6 1233 5411 3991 5091 587 8877 2643 5793 3347 7647 7298 2103 4499 6988 4398 7243 3306 1402 2197 7139 4983 2129 409 6996 7645 7074 4786 8162 167 3056 2803 2933 6411 1957 6775 5111 9119 3108 3550 2700 2375 8431 3251 6287 7328 7844 3327 2435 7260 5043 5094 4884 5178 7355 4413 4441 4155 4352 172 2819 6919 5431 5085 7459 697 4885 7728 9003 656 2322 7933
8824 2640 8244 8925 6154 9047 5885 2750 2572 6662 4436 3158 4694 388 488 9032 6818 8141 5019 856 393 2533 7150 1898 5553 2580 3279 6144 4252 7393 2691 5648 1250 7770 4566 9029 2335 96 7711 3308 8606 4107 6605 8866 5516 2986 162 8505 1263 8504 7197 1533 7626 7806 636 7865 8426 8582 2434 5286 5578 9169 5654 1228 3802 9053 4751 5840 6402 5225 3271 2042 6810 293 5964 3634 6424 1629 8475 426 6413 7906 4901 3992 3981 6644 8340 3880 290 6282 2502 4503 6994 2530 9146 3646
3811 5261 5174 5989 1110 5829 6256 8952 220 3810 4037 2303 1851 2281 6663 6322 1178 7680 7012 8517 3419 2727 7140 72 4715 267 1857 626 5641 6488 3076 616 5050 676 1927 7544 4062 3190 7192 7195 3471 1146 362 1115 4370 5886 6846 1663 639 8843 2620 8004 9115 3536 6066 252 7225 1420 6353 7862 8463 6912 1287 1214 8742 8949 7402 3218 8926 216 3481 420 7689 7277 8276 7969 7721 3542 8029 4431 1990 584 7106 3049 992 5415 4571 1630 8025 5762 1948 2924 2285 398 422 1499
5489 1561 4734 5786 915 7014 1353 7492 5571 5155 5537 3877 1182 3444 4177 3607 3529 8252 7091 8848 6808 4458 728 1260 1134 8589 4906 2542 1125 3868 2430 1671 3674 340 4949 2260 5295 8282 8144 1828 8788 8254 7739 1757 4890 5713 1156 8441 3384 3406 927 6427 5248 1108 4018 86 374 6990 1853 6582 8838 8633 7441 7470 4046 146 3342 6367 8639 3067 8369 5230 7088 3851 748 4209 2605 7334 2039 5551 3934 2433 2618 5832 8056 1166 8982 6728 2876 4853 3858 8507 156 1713 9176 8946
2978 4163 7478 1524 2194 1192 5483 364 1721 3597 8062 7729 7429 6233 4105 4490 8201 4309 8791 9106 4326 1891 646 4484 5053 4187 7726 4618 8687 6376 8022 6232 8458 7653 4543 8835 435 1232 7067 2047 8106 1224 8336 7817 494 4748 5217 7694 7166 3318 5740 7938 6169 3298 6080 4150 3720 4738 1031 6141 2011 4185 653 8430 5669 132 107 8860 2476 7918 2436 2809 3903 2780 4035 3186 881 6190 8 4931 6101 3291 3666 1253 4772 1765 1194 4049 6397 310 3267 8333 3973 1862 8435 6892
8298 583 7282 5118 2115 7095 4872 2009 5303 8500 5545 5647 1832 9201 9151 2923 4438 4874 5784 5741 1779 4101 3394 2270 6324 3621 213 1468 3518 6601 3963 1781 34 4126 2445 2000 7144 8875 691 118 5209 3139 4068 3938 665 4131 3794 1865 3552 361 947 46 2252 5810 6288 2793 3690 4394 1701 3639 6180 1463 8135 6874 5699 5789 4823 4737 8957 7123 5618 1201 9208 990 1553 250 5335 5478 615 4557 6690 7936 4153 4680 6202 2911 3052 8712 2804 1315 1114 1847 1143 4157 664 2583
5968 2792 464 7510 7370 7113 8904 7740 6242 4380 1213 8119 7754 3324 4500 2645 5540 8466 6651 235 8053 8159 8800 1197 2460 2525 7167 8513 5971 6588 7637 8360 3653 6030 5367 5602 2033 5299 7678 8297 1916 5275 148 896 6423 6922 8211 1177 4812 6752 9199 335 5418 1833 3197 1535 7655 7685 7245 8887 1490 4038 3914 3841 3058 4822 2045 6721 3637 3712 7775 2356 6392 1669 4225 5022 2574 5617 4242 4861 7021 1586 8750 3 8299 923 3161 768 4766 610 2244 5681 7808 1398 2813 2337
2648 7830 4870 1784 1316 1959 8658 7595 339 1087 4197 7589 3574 3675 5089 6156 5048 3774 1842 3768 6656 5288 5607 997 1793 2526 332 5430 5977 6380 4296 4006 9132 1703 543 2227 8109 1709 5881 3118 4547 6686 3974 273 2388 4667 8093 4779 6743 6498 4832 3875 1728 4578 5634 9045 2380 4330 3572 913 4933 8382 9035 6132 6660 4780 6305 8594 8763 6697 558 901 8374 3612 8179 7586 4247 8313 6905 7911 4501 8552 8652 455 3398 8769 2694 7872 7970 6064 9128 5370 5820 8457 6112 1997
2902 1511 8137 4704 7660 1854 7848 4418 8110 1769 4527 6262 8519 550 7258 5277 2238 8064 9153 6352 7118 4988 6756 3221 6194 3865 5291 8221 2785 2478 5260 4846 5863 1848 8564 955 7119 2050 4591 5848 5970 508 7838 3272 589 4323 7996 1137 7617 1018 5319 3952 4641 7083 3080 1945 2341 7628 8058 3559 1390 8537 866 7654 777 4608 4097 495 993 4560 2796 7003 6622 1572 2350 3762 8320 2170 4582 3357 1357 5870 4729 4879 3916 109 6063 6203 3168 5575 8723 2037 9114 9061 2969 8624
8127 6267 8657 1590 7165 2473 2105 2013 1230 5014 6788 231 8321 3163 8077 1720 2327 6534 7126 6415 4827 6393 6998 4777 5406 7281 2253 2314 5517 4633 5664 7842 2106 5402 6336 1742 8408 2653 1216 5708 746 4923 140 2204 1926 4042 6388 7557 8304 7447 7155 6520 5818 8962 6760 7238 8648 3531 2562 7045 2159 150 7803 289 3515 7069 7214 1740 3262 2682 8363 4430 445 4882 1811 7314 5399 2053 6489 2759 2859 510 7062 4392 1014 2826 8595 9017 1601 4824 7107 1794 6720 539 8242 3328
1207 2794 3489 9030 1048 3823 4140 5138 4109 2636 2886 6635 1043 8577 2627 2254 3965 7464 7368 7559 4967 7051 6549 7525 5317 5414 7701 6004 6176 8615 6617 3544 6654 627 7667 1611 740 5865 2109 8985 5057 6319 69 926 8828 6394 2449 2858 206 5888 4721 2512 4268 1724 7433 2712 2590 2439 6835 2671 6932 1107 766 6636 3144 9038 5381 988 1407 7919 6116 1850 2461 8395 1279 3614 4099 3247 2915 4446 8650 2095 7306 11 6243 4367 1831 6372 7276 8834 3897 4254 1414 6978 8628 8825
298 7981 7374 680 7450 8082 5190 1978 4698 8173 2575 1579 4259 152 9008 305 4093 7367 7639 9072 370 8285 6208 5429 2875 9156 8007 472 102 6670 6337 1812 5814 5204 3288 2135 4588 3015 6776 7523 4599 8722 2247 454 672 7254 6611 7764 2658 3560 8627 4968 4297 2160 693 1621 3468 850 5856 8852 8779 4165 4193 5700 1462 2334 7947 8774 4353 9163 4204 6638 8409 3826 4207 6673 3578 7499 2373 8161 1782 4048 6687 8400 1293 2055 9126 7087 4771 5874 9121 609 1145 2315 3936 3925
342 527 560 8344 3109 2704 5254 5372 6370 5727 3244 4532 8152 2675 8574 5191 233 3259 6783 2897 2563 1058 8553 2834 964 8888 684 6257 2807 5006 2179 5772 5453 436 2479 1641 3343 2398 153 1053 4710 3020 3722 8645 6374 5350 5859 4830 1776 3795 4334 1154 5407 8184 1956 6126 7797 5188 7606 4732 5649 5710 5936 208 8446 7763 114 1787 4486 4092 5767 7148 5061 3739 3723 3746 8433 5541 8497 2585 8655 949 482 3850 6883 209 1892 5637 8216 5556 5831 6740 5987 714 3066 7782
7219 2744 3016 4332 2736 1759 858 814 8037 4878 2964 326 6733 2668 3496 5084 6150 1206 3906 8010 658 1658 6576 4198 5246 1144 9144 3214 8984 2282 1844 6161 8328 7488 8046 6573 7833 6980 9049 6661 8974 8206 3346 4927 4900 6128 8593 4174 4897 2732 8075 5441 5539 1852 9200 965 7209 8005 1622 8994 9063 3941 8964 3141 3436 1022 4962 3368 4960 2570 7462 8183 1200 7822 6091 57 2925 3793 4454 1578 5852 3775 8581 7211 387 334 7267 5766 5735 6398 9069 7549 5292 2882 976 4965
3024 2828 1881 5384 595 9013 6308 7627 514 771 6901 5075 507 6602 5928 570 2354 3812 5907 1384 7188 6279 136 6806 1017 8332 6349 2698 805 1343 8696 8727 2059 6819 4908 5443 5666 6502 7414 9187 8255 1448 7553 7241 6027 7465 7299 8403 4307 2161 5805 2642 702 3448 6916 6371 4681 6516 4596 2761 2758 8611 2299 6168 6968 2293 4730 8092 6884 8316 2607 5304 8411 3715 2958 7022 2540 9070 3834 3904 821 9062 2348 3456 2748 3367 121 2213 1073 3277 6135 3344 1577 502 5975 4343
6850 6469 8623 133 5845 294 1715 1808 1609 3003 2500 5956 9110 4408 4947 4088 2544 7200 4310 2997 2127 3815 3014 7169 7297 5704 5788 6723 3487 2015 8327 1412 645 6513 1817 7468 8095 4643 5215 2632 6356 9093 3995 8991 1694 4915 1356 7671 3855 2018 2739 4894 2890 5073 2346 2057 6583 774 2767 8387 718 5900 6555 4381 8105 1369 6483 4366 77 4675 941 8049 4189 3036 4257 4459 887 1695 1502 2546 6200 7180 2311 2113 5328 3898 1970 4862 2904 953 4447 8502 612 2999 8111 1329
8028 7878 7596 7017 7354 4544 5652 4966 642 2219 1298 6431 6764 5756 4338 8307 4340 8975 2950 930 9154 952 1444 5799 1932 687 1333 2302 2379 4770 1299 4916 4069 4404 6345 2497 2511 4299 181 2080 2418 4073 6320 5884 7524 3366 6269 2638 986 7819 4128 996 1518 4010 1546 6787 8900 8938 5341 3659 5473 3935 7958 8920 713 7173 4954 5552 5287 8771 7641 7333 7821 6495 3226 8241 5826 8088 4993 4788 1751 1942 6853 8899 8460 2156 2459 3101 525 18 9179 2234 8780 854 6868 5945
5360 5533 1304 6774 257 954 8531 4373 9173 2087 4510 2753 1673 6779 2852 8740 3208 6100 4863 3776 2756 5427 7486 5183 6303 4291 5963 7774 6090 592 299 2797 13 4344 5513 2069 1077 681 5792 2108 2728 9155 3537 916 7077 7136 1483 9214 8470 749 3085 1937 4976 8610 7037 8379 5725 6933 3391 6568 4083 7353 4573 1222 7040 5665 3275 2684 8131 376 8978 7676 4834 1273 7473 17 6448 8619 2265 2663 4013 2670 8048 5318 7305 187 6123 6931 4470 566 1645 7681 8697 3822 6634 7449
7965 6574 995 3818 6035 5563 1174 2518 5804 4938 8865 4800 1951 127 1682 4674 8452 3178 268 1002 7141 6861 5137 4656 8641 3304 3847 2278 3074 5973 2218 7497 4999 5605 7864 7533 2661 2515 7174 5072 2019 8739 2775 7888 470 7455 3273 5049 6899 7324 3355 5544 5791 1654 2743 7934 6106 4141 5897 2751 893 8384 7239 4384 6072 3714 5894 1067 7401 3820 4478 2965 9135 2514 3265 1305 5757 1481 1664 4600 4497 6295 7415 2245 3426 5559 7755 8998 789 4172 4476 22 4421 5271 4631 1124
6842 5694 4911 3322 3062 5374 5311 62 7798 4090 7898 4535 3211 7539 8386 8933 1955 620 7270 8545 6361 6519 2665 8617 8501 8503 6696 6479 5434 4224 8439 6007 112 3254 2336 4098 8164 7887 5242 5460 6011 5898 4561 5001 8223 4821 2138 7042 2666 3816 1152 7085 6570 6918 843 4350 3788 6650 1142 1780 7703 7825 6739 5623 4888 708 83 1282 319 4919 8674 4206 2790 6037 4089 489 9211 7552 8682 3325 3806 9066 5873 170 5310 7326 3540 3590 9059 5324 4963 5869 161 8527 3577 2409
1615 1341 8482 6401 3921 5055 2776 4327 3575 8625 2641 1069 5660 7170 7301 2770 2773 1433 2025 5712 8484 2052 3848 4487 42 7220 4685 2856 4396 869 8675 5753 1868 2366 1162 2067 331 8971 3229 4132 1372 8864 2202 6183 8036 2654 5716 3019 255 5249 4964 3362 4646 638 7023 7977 4409 8081 487 5693 7509 8413 7033 105 506 2779 2416 3950 5139 1181 4008 3378 5056 303 8716 2676 8224 1133 4432 396 1530 4033 317 1007 330 5253 7679 7963 7598 6816 1612 5915 3845 7512 6975 2338
4017 5994 3018 9041 1597 1791 3294 6509 7101 1544 1243 6989 2539 6987 5442 979 4750 4579 438 4170 1297 6283 3623 6140 2878 3187 8890 1890 8597 6903 8021 6062 6040 6563 1155 6631 811 131 4151 8785 8730 3613 5268 7121 2853 2623 3126 4814 4027 7892 6013 6871 4693 5739 6925 5165 108 6695 3501 1168 9051 1051 2382 2226 5688 533 4085 1465 324 9193 6214 7116 3093 5376 2742 2955 3953 6814 991 4525 5162 7663 2729 4116 8338 7917 1971 1240 240 7274 8051 3937 2355 1373 7185 4869
1097 50 9004 9018 8733 1339 5475 731 4898 8018 1122 4769 3413 7592 3212 1896 3331 5284 1613 614 3283 5627 8558 7746 6343 4256 7397 4741 2289 884 4720 1302 7575 1203 5653 3492 1064 2273 180 7893 7223 3215 6188 4926 5680 4982 5499 6803 1679 2438 3732 8499 7235 7351 7983 5815 6794 8863 5199 1454 7705 5026 348 1594 418 5976 7342 1783 2979 3169 4913 5158 1322 8050 5002 3397 2981 7178 9019 5467 597 5526 1977 4713 6459 4883 7536 5523 4794 5938 3047 6463 4997 2134 4162 2613
1992 8660 2316 6876 4311 1592 3482 6017 8055 2846 962 3012 351 7094 5114 5034 3470 6157 3678 4776 1979 878 1437 8708 7823 4841 4995 3821 8041 2123 6231 8354 3846 8787 5320 7561 2021 888 8168 1268 460 1219 5891 4722 391 906 8814 8616 3445 2040 1023 4607 6801 5029 6703 1897 7937 7629 1551 4849 7345 6494 4842 7795 571 6514 7730 593 8956 3372 5632 1617 3573 8846 5398 229 2024 3068 473 6296 6827 7343 4542 3181 2440 6124 6174 1029 715 6421 5148 1324 6834 5177 2741 4990
4295 7070 1063 8114 5365 2321 2310 3031 4218 3307 2952 3861 6769 5383 1256 2297 1733 8839 8259 4045 6492 2058 6151 1717 3831 4148 497 580 1785 2249 4781 1858 2921 7738 7859 3667 1564 3594 5910 3632 8726 7114 7514 3386 3523 8635 1093 1401 6838 1879 5591 2429 7483 6425 8158 7103 1208 8936 8440 2295 3899 5212 5258 7485 8515 3755 2646 2112 2116 8443 1021 4164 7383 2883 1027 6481 8414 6862 3680 5781 399 4939 3803 5919 3204 3719 5520 7471 8893 4181 7752 4305 849 1730 845 3561
5628 2313 4798 581 5195 3041 58 5205 2389 2427 3243 7131 4082 7506 4199 7396 3945 3684 1258 7476 8908 1470 3538 1311 8352 8265 661 7714 6301 7436 4156 8521 4731 3890 9195 7677 7135 3423 5409 3988 226 5875 7196 3339 8235 8166 2877 5538 1351 7052 5082 1931 7935 1653 3402 7504 1908 4407 837 8191 2566 8351 8534 5806 8923 3804 8428 6550 3651 244 6039 6501 4469 7874 2922 7207 2885 8592 3005 4473 3090 2397 8389 1632 3582 4761 5670 3896 4491 5076 8253 5267 6671 4369 9182 3516
3772 8831 7027 959 6363 5917 698 3923 2786 4160 3352 6737 4509 1605 4840 4213 3713 671 5185 2891 943 8210 4270 6781 7998 1042 8148 8637 9212 7648 3484 8968 8659 1106 6807 9025 7491 31 5095 8717 1019 5306 1786 1032 877 2182 6630 4803 5395 2581 2980 7294 900 4365 5504 7300 5222 2954 7293 8355 5327 8376 6837 4061 579 5549 1792 6620 1519 6804 1947 1317 6586 6813 5132 8679 7248 4215 2629 4066 3338 1344 4331 4989 5379 7749 719 1024 4554 2821 6360 4465 5058 7145 1235 4637
6340 5785 4502 8130 3410 5877 8331 2441 6503 3069 4072 7732 7855 5679 912 6639 6304 1548 2917 316 5534 8097 9177 911 429 9060 3206 3801 7818 8898 917 6538 7733 7030 5252 171 5035 6155 1819 5438 4136 7458 4739 3962 6599 3624 537 6504 3004 7964 2888 5450 3689 1169 7410 2588 2082 3173 6462 5425 4610 1734 1033 3853 8937 3320 5462 1006 3878 5738 8819 4703 2174 9083 3491 4686 1474 6227 4079 4688 6302 5486 2221 3233 2 1778 7986 4746 1984 6464 1702 8959 3472 8584 15 5493
933 1849 3836 2962 5952 2631 8003 8693 5626 68 1231 7690 5984 4463 8101 8311 79 7527 5980 7257 3077 6653 5659 1560 5476 1712 4391 3424 5934 7018 4663 5775 4040 4644 5542 4602 662 8248 8212 8892 6457 2131 1501 6436 23 6897 7975 7315 3976 2304 2089 5273 6626 651 1662 4943 8782 8011 1884 3555 4567 4671 3784 8684 4975 3656 3872 6272 2046 4621 4466 7199 6747 1254 241 2133 8418 2898 7841 8757 2323 2489 2320 8381 6058 7839 9002 9209 1760 8691 3867 4115 9183 2587 1449 8653
2136 2740 3780 8520 5505 4125 194 6722 2774 2802 2650 7921 8388 2982 8474 8274 3548 5457 2447 3153 8575 2407 1636 1840 8807 8618 4552 897 4689 4306 7547 2340 6762 2054 9046 3096 7291 7232 3598 4516 9203 7942 3315 5668 556 7049 5527 551 6246 5903 1179 5099 9084 1647 1893 5631 3465 5519 7490 2673 8027 4313 5244 2919 3249 8284 4724 1834 9204 8180 7992 8039 2084 3437 6226 4548 7644 6359 2582 6684 3503 7972 6439 6848 7562 2559 315 6556 3453 7375 2848 8165 7989 379 8204 4253
119 2158 4640 5440 7215 1045 8176 786 7435 8296 5136 3411 2652 4638 8181 1257 3165 6057 7391 4728 7072 1631 2051 2077 2598 3422 7657 3502 4422 8323 1259 8149 2212 8186 852 2100 6048 2014 65 1763 5198 1338 7556 2778 2498 9102 3942 4754 6963 7814 6571 5387 7994 1736 3620 5348 2333 4389 9098 3164 4280 8555 6809 7048 5226 3285 9130 5751 2114 3002 4743 5732 7323 3744 6096 3664 8200 6249 8841 2766 7871 1496 8052 8701 9043 6608 6585 2690 1241 5911 628 4806 8721 7279 2499 6056
5525 5935 7089 5573 296 306 8245 4520 475 3323 4804 2190 3798 304 4237 3381 8281 2947 2523 3302 4445 1775 6285 739 6432 8450 2369 2468 4701 1035 1723 297 978 8976 3129 6181 6854 1370 5809 6485 5923 201 6357 7656 4429 2716 3833 5175 6889 2715 1346 546 176 1925 7698 7870 2948 5807 5672 5234 2145 6098 7742 3473 3558 2141 6915 1598 8314 3977 2032 3017 2720 8357 2850 9100 9086 1443 5823 1657 8175 1303 3828 7791 1929 8305 5592 2626 3188 3688 6981 8419 4143 2660 7503 7357
3203 4477 3364 5530 8895 8990 853 8117 1989 3131 6355 7098 7329 4030 1321 7138 4521 801 5651 7322 6310 1508 3098 3479 143 5978 7727 110 5338 4733 2593 1075 1646 6545 2214 4348 4740 8070 3239 124 8879 518 37 2939 5566 6265 7662 3539 3695 6923 3679 1660 4536 6875 7487 8972 3151 8914 8232 4517 3534 8542 7564 5052 8910 6878 8758 6579 1088 721 462 8222 9192 5723 7976 4955 7104 7171 7832 499 6986 3296 1184 6610 2317 2484 4978 3832 7404 1843 4051 7956 7090 2987 2724 5692
3907 9190 5487 2192 5458 8854 4912 195 5853 9171 5758 486 5422 8451 451 8349 78 9172 1796 842 1698 461 3549 4518 245 2028 2697 147 4420 5834 5940 5515 4364 744 6103 6395 2454 4522 7066 7242 8154 6640 2298 8208 4546 1442 7339 5854 259 5400 2003 3112 7127 2392 5490 3385 2424 6798 3202 7177 7451 7683 280 3274 1872 872 2701 3618 9162 3264 7896 5417 14 6898 1644 6299 6751 1040 3083 7603 6863 8057 1307 8883 3434 720 1409 7659 4953 1445 1512 5783 6474 5949 2529 8909
6263 8654 2451 4819 688 8358 1866 8275 6070 4188 7880 1774 5937 4857 5690 5017 601 135 1960 6281 2329 3750 8199 6960 4718 5321 5675 7311 5779 5687 8098 5047 415 1434 5413 7772 6289 3687 1626 5145 1827 3800 327 5351 3148 8089 1940 5474 8939 6153 7810 5479 2030 4144 5728 1165 7443 2185 5777 4615 2565 6081 4902 5776 668 8219 7840 1238 4767 1681 3033 5151 873 2996 9111 1138 1113 8802 8692 1186 4091 3595 4805 2521 6075 9125 3985 8656 402 6888 7756 168 7999 577 6772 9022
5887 7722 7758 4836 191 2475 4790 827 8569 5477 4455 6163 765 2840 5674 1492 3146 32 2491 7777 8664 8258 8506 3655 3683 8573 7183 1923 2455 3627 2421 4401 2569 8759 4203 8836 190 3640 8233 1004 52 5747 6694 6692 6851 6843 3905 4214 6099 3007 242 336 8345 3778 7295 3884 384 5942 9207 8045 2372 8768 4026 7268 1272 9031 6777 889 8556 2538 7704 4208 7474 6079 1924 4417 3281 6759 8960 9033 7542 7979 1062 4057 4176 3507 6855 4096 6657 6284 6105 6709 6957 8913 2516 1634
733 5796 9067 8543 899 7335 4435 1009 6553 629 7259 1939 7600 5259 4984 1400 2081 5355 2386 4238 6137 569 5008 6820 3105 2801 1167 5480 7039 5944 7457 7251 8880 3763 130 10 7007 1395 6071 4871 8087 3984 8516 617 279 2822 1310 2805 3100 4575 6182 8605 8566 7771 4147 1758 3446 7608 4161 6178 6629 659 8710 905 5461 667 2847 6789 3856 6419 6791 1580 363 2143 1762 8220 8067 944 6642 2746 2714 8882 2557 1227 2235 1049 8291 3918 7879 4558 6260 8030 2175 6664 6525 3643
7115 9027 6118 7720 4759 5433 8278 7134 1826 2012 5714 200 5283 5922 5239 6991 4785 101 4169 2953 5857 24 443 6228 7013 7275 6856 3166 1424 5416 1838 7638 6216 8032 6658 5494 5780 3842 277 4669 4979 3571 7731 6119 3038 7688 3115 7434 2765 9097 1996 4371 7792 5720 8669 2906 7437 818 452 99 3879 816 8306 6948 7082 4227 9065 6942 817 1082 8932 430 3081 7099 3609 3606 6043 8884 4322 2705 4175 3299 4108 1283 2148 8837 2365 8302 5293 908 2589 5426 5596 846 1722 6055
5428 5128 3287 6312 6368 8753 735 8227 2696 5339 7971 5354 3917 1755 6704 5506 2871 4293 2162 4507 2163 7358 1323 6506 318 5896 572 307 433 5959 7212 2531 1037 3771 891 2446 1391 6021 2286 7820 6113 4700 3592 428 4562 4246 389 7109 5529 5951 9090 7634 6456 2201 6400 8042 5696 5134 5992 3095 1562 3175 2550 3728 4279 6054 6706 1637 1749 3979 8102 6245 7875 2075 5312 6531 144 2399 1150 4563 6117 4565 3930 5748 8638 448 179 7581 6389 1001 1270 8689 2469 7914 3119 2111
1516 2649 6797 1803 6472 7978 178 5702 4549 3972 4660 970 1684 4102 3001 2094 3065 223 2307 6566 3167 1413 202 3731 6497 4925 7031 4260 2556 2480 2887 6110 6523 2927 291 5761 2527 5707 5997 4077 8234 7411 6712 8006 1128 2637 7189 8489 7253 6089 1246 1403 2432 5610 1994 9021 7743 5722 3157 599 3035 5998 5296 6044 2178 7187 3617 3644 6032 5847 6718 3766 1545 7812 6338 2326 4220 1588 4673 7710 3396 3781 2710 7766 5366 871 5930 1727 8858 6471 778 1044 7516 2168 8988 2306
6578 3661 7025 1406 1801 4347 522 2815 7055 3929 6486 2259 2246 528 1650 7262 637 8666 2513 8477 7405 1382 8150 9091 7438 925 469 2422 7009 6086 4755 4907 3241 6095 141 8922 7640 9104 4816 4321 5511 1711 914 6455 7885 6031 301 7636 7430 6766 7693 5967 6836 7384 8705 1888 9012 6236 6880 3658 2535 3522 798 6904 3633 6381 7057 4106 9000 2669 5101 1318 104 795 5755 2005 5625 8364 6951 7926 7968 8207 5020 5630 1314 7699 89 8359 5391 35 2749 2199 1756 7010 7913 9078
1397 8368 2681 7800 1665 6548 5040 1377 2048 5308 4138 4039 6329 4383 8878 4266 5657 3429 2870 6490 6984 9020 8830 4358 7182 2243 7991 1520 467 7805 3509 6339 4351 2325 5150 4387 4060 7234 557 3132 1767 8715 8731 3741 4036 6009 2088 1191 6437 3892 3459 6412 7340 7310 6331 8083 5498 5908 9024 2934 4829 7079 8941 5689 2926 7190 4820 9036 1652 3959 945 7347 3127 4531 4708 6446 5371 3252 7233 1506 7551 498 1345 2757 8794 2558 8509 5470 2358 3619 9202 4987 2657 8781 7737 7157
1074 1903 8308 1906 5830 519 5957 2414 160 5947 5220 3616 907 2814 3258 885 6659 7348 6213 3647 3458 4597 3957 3895 93 205 2007 5521 2798 8945 8237 2843 532 7534 1557 3787 3886 1686 416 4014 523 7511 2576 4876 7909 7213 2783 5878 3382 4768 2990 2196 5577 9094 3235 2301 1306 6033 2352 3669 2189 794 7327 6442 2149 7927 1320 4896 4845 3825 8155 1439 1571 3388 347 8405 5612 1086 7064 8743 4428 2410 7948 5570 490 6505 576 4255 4793 8107 9123 2126 8468 442 7593 1046
3282 5608 6478 544 61 8698 2573 3797 3072 8958 7624 4012 6087 4415 1901 948 3240 4382 8079 4375 2448 8643 7149 685 554 5358 1376 1998 6414 1595 1057 3587 2176 509 1950 5437 1123 3983 8246 3943 6852 6637 3759 7894 1616 6606 7129 6666 6145 367 2976 7631 8571 5201 8662 7206 3734 6526 4142 1920 1839 7853 1514 1312 3576 1883 3586 7625 1944 1008 5531 2211 623 4524 9028 3107 760 3379 434 4528 1655 1277 8644 6191 1600 600 1816 5731 183 2263 8160 3602 3533 1020 7555 726
6592 2592 175 5071 4505 8734 6812 3390 1381 2492 9216 7482 932 239 222 8215 6717 4799 6292 1349 6792 8496 7785 4496 8859 2835 9161 3045 7905 4192 3349 938 8410 675 2130 500 372 6307 3266 813 3099 6435 5247 922 6384 4450 1739 1274 7622 1861 1825 7285 5955 6595 8084 5676 2547 7221 1392 6822 8987 5837 6449 5645 4630 7860 6008 2622 8523 7664 3660 4839 5790 3626 5192 7836 8270 9113 3837 4 2510 2621 5800 7712 6114 1716 1975 4784 3783 9184 8267 6879 3541 1451 8510 6724
8808 7540 1422 7273 8171 3956 2651 3222 3290 6266 8524 5503 8189 9103 1649 7849 530 7363 5363 5604 1845 4248 7567 2844 6858 8646 6342 9068 3521 7548 212 3693 3159 1687 2723 4973 3968 6049 1173 7210 2614 59 8540 5196 5876 790 5451 3830 8861 446 3827 759 1565 3761 6840 1569 8634 2309 7466 1991 2963 6377 647 7505 7431 3261 7759 447 8367 1332 3497 5302 6179 6872 669 2817 5838 7889 48 3553 6447 8187 8286 3704 5093 6238 8213 3799 4783 3232 355 7389 7161 5025 308 859
9138 701 2026 1635 1537 4341 2417 553 5472 8467 2784 5315 9167 7356 2464 9164 6477 999 860 7168 1473 6621 2031 2274 7587 265 5901 5228 7985 3891 439 3494 3280 1869 3333 4513 2487 7765 4590 337 1824 4852 7489 4850 4028 5946 8947 3010 5996 6725 8019 382 8812 1362 501 5524 6985 8665 7649 8195 3086 657 7723 8636 7521 4970 1450 4200 3314 3336 1348 7834 2191 3650 3814 4991 690 6109 9133 3862 2966 6167 2186 5582 91 516 5733 5330 1056 3710 3970 47 3433 2772 6528 1060
